       1	   1	 221	 148	 182	  71	  17	  18	 207	 207	  79	  73
       1	   1	 222	 148	 182	  70	  18	  18	 207	 207	  79	  73
       1	   1	 222	 148	 181	  71	  17	  18	 207	 207	  79	  73
       1	   1	 222	 147	 182	  70	  18	  18	 207	 207	  79	  73
       1	   1	 222	 148	 182	  70	  17	  18	 207	 207	  79	  73
       1	   1	 222	 148	 182	  70	  18	  18	 207	 207	  79	  74
       1	   1	 222	 149	 182	  70	  18	  18	 207	 207	  79	  75
       1	   1	 222	 149	 182	  70	  18	  18	 207	 207	  79	  74
       1	   1	 223	 149	 182	  70	  18	  18	 207	 207	  79	  74
       1	   1	 223	 149	 182	  70	  18	  18	 207	 207	  79	  74
       1	   1	 223	 149	 182	  70	  18	  18	 207	 207	  79	  74
       1	   1	 223	 149	 182	  69	  18	  18	 208	 207	  79	  75
       1	   1	 223	 149	 182	  70	  18	  18	 207	 207	  79	  74
       1	   1	 222	 149	 182	  70	  18	  18	 207	 207	  79	  73
       1	   1	 222	 148	 181	  71	  17	  18	 206	 207	  79	  73
       1	   1	 222	 147	 182	  70	  18	  19	 206	 207	  79	  73
       1	   1	 222	 148	 181	  70	  17	  18	 206	 207	  79	  73
       1	   1	 223	 149	 182	  69	  18	  18	 207	 207	  79	  74
       1	   1	 223	 149	 182	  70	  18	  18	 207	 207	  79	  74
       1	   1	 222	 147	 182	  71	  18	  18	 206	 207	  79	  72
       1	   1	 222	 148	 181	  71	  17	  18	 206	 207	  79	  73
       1	   1	 222	 148	 182	  70	  18	  18	 207	 207	  79	  73
       1	   1	 223	 149	 181	  70	  18	  18	 207	 207	  79	  74
       1	   1	 224	 150	 182	  69	  18	  18	 208	 208	  78	  76
       1	   1	 224	 150	 182	  69	  18	  18	 208	 208	  78	  75
       1	   1	 222	 148	 182	  70	  18	  18	 207	 207	  78	  74
       1	   1	 221	 147	 182	  70	  18	  18	 207	 207	  79	  74
       1	   1	 221	 148	 182	  70	  18	  18	 207	 207	  79	  74
       1	   1	 222	 148	 182	  70	  18	  18	 207	 207	  79	  74
       1	   1	 222	 148	 182	  70	  18	  18	 207	 207	  79	  74
       1	   1	 223	 149	 182	  69	  18	  18	 208	 207	  79	  74
       1	   1	 223	 149	 182	  69	  18	  18	 208	 208	  79	  75
       1	   1	 223	 149	 182	  69	  18	  18	 208	 207	  79	  74
       1	   1	 223	 149	 182	  70	  18	  18	 207	 207	  79	  74
       1	   1	 222	 149	 182	  70	  18	  18	 207	 207	  79	  74
       1	   1	 223	 149	 182	  70	  18	  18	 208	 207	  79	  75
       1	   1	 223	 149	 182	  69	  18	  18	 208	 207	  79	  75
       1	   1	 222	 149	 182	  70	  18	  18	 207	 207	  79	  74
       1	   1	 222	 148	 182	  70	  18	  18	 207	 207	  79	  73
       1	   1	 222	 148	 181	  71	  17	  18	 207	 207	  79	  73
       1	   1	 221	 146	 181	  71	  17	  19	 206	 206	  80	  72
       1	   1	 221	 146	 181	  71	  17	  18	 206	 207	  79	  72
       1	   1	 221	 147	 181	  71	  18	  19	 206	 207	  80	  72
       1	   1	 221	 147	 181	  71	  17	  18	 206	 207	  80	  73
       1	   1	 221	 146	 181	  72	  17	  19	 206	 206	  80	  71
       1	   1	 221	 146	 181	  72	  17	  18	 206	 207	  79	  71
       1	   1	 221	 147	 181	  71	  18	  19	 206	 207	  79	  71
       1	   1	 222	 148	 181	  71	  18	  18	 207	 207	  79	  73
       1	   1	 223	 149	 182	  70	  18	  18	 208	 207	  79	  74
       1	   1	 222	 149	 182	  70	  18	  18	 207	 207	  79	  74
       1	   1	 222	 149	 182	  70	  18	  18	 208	 207	  79	  75
       1	   1	 221	 148	 182	  70	  18	  18	 207	 207	  79	  75
       1	   1	 221	 148	 182	  70	  18	  18	 207	 207	  79	  75
       1	   1	 221	 148	 182	  70	  18	  18	 207	 207	  79	  75
       1	   1	 222	 148	 182	  70	  17	  18	 207	 207	  79	  74
       1	   1	 222	 148	 182	  70	  18	  18	 207	 207	  79	  75
       1	   1	 223	 149	 182	  70	  18	  18	 208	 207	  79	  75
       1	   1	 222	 148	 182	  70	  18	  18	 207	 207	  79	  75
       1	   1	 222	 148	 182	  70	  18	  18	 207	 207	  79	  74
       1	   1	 221	 147	 182	  71	  17	  18	 207	 207	  80	  74
       1	   1	 221	 147	 181	  71	  17	  18	 206	 207	  80	  74
       1	   1	 222	 148	 182	  70	  18	  18	 207	 207	  79	  74
       1	   1	 221	 147	 181	  71	  17	  18	 206	 207	  79	  73
       1	   1	 221	 147	 182	  71	  17	  19	 206	 207	  80	  73
       1	   1	 221	 146	 181	  72	  17	  18	 206	 207	  80	  72
       1	   1	 221	 146	 181	  72	  17	  19	 206	 206	  80	  72
       1	   1	 221	 146	 181	  72	  17	  18	 206	 207	  79	  72
       1	   1	 221	 146	 181	  71	  17	  19	 206	 207	  80	  73
       1	   1	 221	 147	 181	  71	  17	  18	 207	 207	  80	  73
       1	   1	 221	 146	 181	  72	  17	  19	 206	 206	  80	  72
       1	   1	 221	 147	 181	  71	  17	  18	 206	 207	  80	  72
       1	   1	 222	 148	 182	  70	  18	  18	 207	 207	  80	  74
       1	   1	 222	 149	 182	  70	  18	  18	 207	 207	  79	  74
       1	   1	 223	 149	 182	  70	  18	  18	 208	 207	  79	  75
       1	   1	 223	 149	 182	  70	  18	  18	 208	 207	  79	  75
       1	   1	 221	 148	 182	  70	  18	  18	 207	 207	  79	  74
       1	   1	 222	 148	 182	  70	  18	  18	 207	 207	  79	  73
       1	   1	 222	 148	 182	  70	  18	  18	 207	 207	  79	  73
       1	   1	 221	 147	 182	  70	  18	  19	 207	 207	  80	  73
       1	   1	 221	 147	 181	  71	  17	  18	 207	 207	  79	  73
       1	   1	 221	 147	 182	  71	  18	  18	 207	 207	  80	  73
       1	   1	 222	 148	 182	  71	  17	  18	 207	 207	  80	  73
       1	   1	 221	 147	 182	  71	  18	  19	 207	 207	  80	  72
       1	   1	 222	 148	 182	  71	  18	  18	 207	 207	  80	  73
       1	   1	 221	 147	 182	  71	  18	  19	 207	 207	  80	  73
       1	   1	 222	 148	 181	  71	  17	  18	 207	 207	  80	  73
       1	   1	 222	 148	 182	  71	  18	  18	 207	 207	  80	  73
       1	   1	 222	 148	 181	  71	  18	  18	 207	 207	  80	  73
       1	   1	 221	 146	 181	  71	  18	  19	 206	 206	  80	  71
       1	   1	 220	 146	 181	  72	  17	  19	 206	 207	  80	  71
       1	   1	 220	 146	 181	  72	  17	  19	 206	 206	  80	  71
       1	   1	 220	 146	 181	  72	  17	  19	 206	 207	  79	  71
       1	   1	 220	 146	 181	  72	  18	  19	 206	 206	  80	  71
       1	   1	 221	 147	 181	  72	  17	  19	 206	 206	  80	  71
       1	   1	 220	 146	 181	  72	  17	  19	 206	 206	  80	  71
       1	   1	 221	 147	 181	  72	  17	  18	 206	 206	  80	  71
       1	   1	 221	 147	 181	  71	  18	  19	 207	 206	  80	  72
       1	   1	 222	 148	 181	  71	  18	  18	 207	 207	  80	  73
       1	   1	 222	 149	 182	  70	  18	  18	 208	 207	  79	  74
       1	   1	 222	 149	 181	  71	  18	  18	 208	 207	  79	  73
       1	   1	 221	 148	 182	  71	  18	  18	 207	 207	  79	  73
       1	   1	 221	 148	 182	  70	  18	  18	 207	 207	  80	  73
       1	   1	 222	 148	 182	  70	  18	  18	 207	 207	  79	  73
       1	   1	 221	 147	 182	  71	  18	  18	 207	 207	  80	  72
       1	   1	 222	 148	 182	  71	  18	  18	 207	 207	  80	  73
       1	   1	 221	 147	 182	  71	  18	  19	 207	 206	  80	  72
       1	   1	 221	 147	 181	  72	  17	  18	 206	 206	  80	  72
       1	   1	 221	 146	 181	  72	  17	  19	 206	 206	  80	  72
       1	   1	 221	 147	 181	  71	  17	  18	 206	 207	  80	  72
       1	   1	 221	 147	 182	  71	  18	  19	 207	 206	  80	  72
       1	   1	 222	 148	 181	  71	  17	  18	 207	 207	  80	  73
       1	   1	 222	 148	 182	  71	  18	  18	 207	 207	  80	  73
       1	   1	 221	 148	 181	  71	  17	  18	 207	 207	  80	  72
       1	   1	 220	 146	 181	  72	  17	  19	 206	 206	  80	  71
       1	   1	 220	 146	 181	  73	  17	  19	 206	 206	  80	  71
       1	   1	 220	 146	 181	  72	  17	  19	 206	 206	  80	  71
       1	   1	 220	 146	 181	  72	  17	  19	 206	 207	  80	  71
       1	   1	 220	 146	 181	  72	  18	  19	 206	 206	  80	  71
       1	   1	 221	 147	 181	  72	  17	  18	 207	 206	  80	  72
       1	   1	 221	 147	 181	  72	  18	  19	 207	 206	  80	  71
       1	   1	 221	 148	 181	  72	  17	  18	 207	 207	  80	  72
       1	   1	 221	 147	 181	  72	  18	  19	 207	 206	  80	  72
       1	   1	 221	 148	 181	  72	  17	  18	 207	 207	  80	  73
       1	   1	 222	 148	 182	  71	  18	  18	 208	 207	  80	  73
       1	   1	 222	 148	 181	  71	  18	  18	 207	 207	  80	  73
       1	   1	 221	 148	 182	  71	  18	  18	 207	 207	  80	  73
       1	   1	 221	 147	 182	  71	  18	  19	 207	 207	  80	  73
       1	   1	 221	 147	 181	  71	  17	  18	 207	 207	  80	  72
       1	   1	 220	 147	 182	  71	  18	  18	 207	 207	  80	  72
       1	   1	 220	 147	 181	  71	  17	  18	 207	 207	  80	  72
       1	   1	 221	 147	 181	  72	  17	  19	 207	 206	  80	  72
       1	   1	 220	 146	 181	  72	  17	  19	 206	 206	  80	  72
       1	   1	 220	 146	 181	  72	  17	  19	 206	 206	  80	  71
       1	   1	 221	 147	 181	  72	  17	  18	 206	 207	  80	  72
       1	   1	 221	 147	 181	  72	  18	  19	 207	 206	  80	  72
       1	   1	 221	 147	 181	  72	  17	  18	 207	 207	  80	  73
       1	   1	 221	 147	 181	  72	  18	  19	 207	 207	  80	  72
       1	   1	 221	 147	 181	  72	  17	  18	 207	 207	  80	  72
       1	   1	 220	 146	 181	  72	  17	  19	 206	 206	  81	  71
       1	   1	 220	 146	 181	  73	  17	  19	 206	 206	  80	  71
       1	   1	 220	 146	 181	  72	  18	  19	 206	 206	  80	  71
       1	   1	 220	 146	 181	  73	  17	  18	 206	 207	  80	  71
       1	   1	 220	 146	 181	  72	  18	  19	 207	 206	  80	  71
       1	   1	 221	 147	 181	  73	  17	  18	 207	 206	  81	  72
       1	   1	 221	 147	 181	  72	  18	  19	 207	 206	  81	  71
       1	   1	 221	 148	 181	  72	  17	  18	 207	 207	  81	  72
       1	   1	 221	 147	 181	  72	  18	  19	 207	 206	  81	  71
       1	   1	 221	 147	 181	  73	  17	  18	 207	 207	  81	  72
       1	   1	 221	 147	 181	  72	  18	  19	 207	 206	  81	  72
       1	   1	 220	 146	 180	  74	  17	  19	 206	 206	  81	  71
       1	   1	 221	 147	 181	  72	  18	  18	 207	 206	  80	  71
       1	   1	 220	 147	 181	  72	  18	  19	 207	 206	  80	  71
       1	   1	 220	 146	 181	  72	  17	  19	 206	 206	  80	  71
       1	   1	 220	 146	 181	  72	  18	  19	 207	 206	  81	  70
       1	   1	 219	 146	 181	  73	  17	  19	 207	 206	  81	  70
       1	   1	 219	 146	 181	  72	  18	  19	 207	 206	  81	  70
       1	   1	 220	 146	 181	  73	  17	  19	 206	 206	  81	  71
       1	   1	 219	 145	 181	  73	  18	  19	 206	 206	  81	  71
       1	   1	 220	 146	 181	  73	  17	  19	 206	 206	  81	  71
       1	   1	 220	 146	 181	  73	  18	  19	 207	 206	  81	  70
       1	   1	 220	 146	 181	  73	  17	  19	 206	 206	  81	  71
       1	   1	 220	 146	 181	  73	  18	  19	 207	 206	  81	  71
       1	   1	 220	 146	 181	  73	  17	  18	 207	 206	  80	  71
       1	   1	 220	 146	 181	  73	  18	  19	 207	 206	  81	  71
       1	   1	 220	 146	 181	  73	  18	  19	 207	 206	  81	  70
       1	   1	 220	 146	 181	  73	  18	  19	 207	 206	  81	  71
       1	   1	 220	 146	 181	  73	  17	  18	 207	 206	  81	  71
       1	   1	 220	 146	 181	  73	  18	  19	 207	 206	  81	  71
       1	   1	 220	 147	 181	  73	  17	  18	 207	 206	  81	  71
       1	   1	 220	 147	 181	  73	  18	  19	 208	 206	  82	  71
       1	   1	 220	 147	 181	  73	  18	  18	 207	 206	  82	  71
       1	   1	 220	 147	 181	  73	  18	  19	 207	 206	  82	  70
       1	   1	 220	 147	 181	  74	  18	  18	 207	 206	  81	  71
       1	   1	 220	 146	 181	  74	  18	  19	 207	 206	  82	  71
       1	   1	 219	 146	 180	  75	  17	  19	 207	 206	  82	  69
       1	   1	 220	 146	 181	  73	  17	  19	 206	 206	  80	  71
       1	   1	 220	 146	 181	  73	  18	  19	 206	 206	  81	  70
       1	   1	 220	 146	 181	  74	  17	  19	 206	 206	  81	  70
       1	   1	 220	 146	 181	  74	  17	  19	 206	 206	  82	  69
       1	   1	 220	 146	 181	  74	  17	  19	 207	 206	  82	  70
       1	   1	 220	 146	 181	  73	  18	  19	 207	 206	  82	  70
       1	   1	 219	 145	 180	  74	  17	  19	 206	 206	  82	  70
       1	   1	 219	 146	 181	  74	  18	  19	 207	 206	  82	  69
       1	   1	 220	 146	 181	  74	  17	  19	 207	 206	  82	  70
       1	   1	 220	 146	 181	  74	  18	  19	 207	 206	  82	  70
       1	   1	 220	 146	 181	  74	  17	  19	 207	 206	  81	  71
       1	   1	 220	 146	 181	  73	  18	  19	 207	 206	  81	  72
       1	   1	 220	 146	 181	  73	  18	  19	 207	 206	  81	  72
       1	   1	 220	 146	 181	  73	  18	  19	 207	 206	  81	  71
       1	   1	 220	 147	 181	  74	  17	  19	 207	 206	  82	  71
       1	   1	 220	 146	 181	  74	  18	  19	 207	 206	  82	  71
       1	   1	 220	 146	 181	  74	  17	  18	 207	 206	  82	  71
       1	   1	 219	 146	 181	  74	  18	  19	 207	 206	  82	  71
       1	   1	 220	 146	 181	  74	  17	  18	 207	 206	  82	  71
       1	   1	 220	 147	 181	  74	  18	  19	 208	 206	  82	  71
       1	   1	 220	 147	 181	  74	  18	  18	 208	 207	  82	  72
       1	   1	 220	 147	 181	  74	  18	  19	 208	 206	  82	  71
       1	   1	 220	 146	 181	  74	  17	  18	 207	 206	  82	  71
       1	   1	 219	 146	 181	  75	  18	  19	 207	 206	  83	  70
       1	   1	 219	 146	 180	  76	  17	  19	 207	 206	  83	  70
       1	   1	 220	 147	 181	  72	  17	  19	 207	 206	  81	  71
       1	   1	 220	 146	 181	  73	  18	  19	 207	 206	  81	  69
       1	   1	 220	 146	 181	  74	  17	  19	 207	 206	  82	  69
       1	   1	 220	 146	 181	  74	  18	  19	 207	 206	  82	  69
       1	   1	 220	 147	 181	  74	  17	  19	 207	 206	  82	  69
       1	   1	 220	 147	 181	  74	  18	  19	 207	 205	  83	  69
       1	   1	 219	 146	 180	  75	  17	  19	 207	 206	  82	  69
       1	   1	 219	 146	 181	  74	  18	  19	 207	 206	  82	  69
       1	   1	 220	 147	 181	  74	  18	  19	 207	 206	  82	  69
       1	   1	 220	 146	 181	  74	  18	  19	 207	 206	  82	  70
       1	   1	 220	 146	 181	  74	  17	  19	 207	 206	  81	  70
       1	   1	 220	 147	 181	  73	  18	  19	 207	 206	  81	  71
       1	   1	 220	 146	 181	  74	  17	  19	 207	 206	  81	  71
       1	   1	 220	 146	 181	  73	  18	  19	 207	 206	  81	  71
       1	   1	 220	 146	 181	  74	  17	  19	 207	 206	  81	  70
       1	   1	 219	 146	 181	  74	  18	  19	 207	 206	  82	  70
       1	   1	 219	 146	 180	  74	  17	  18	 207	 206	  81	  71
       1	   1	 219	 146	 181	  74	  18	  19	 207	 206	  82	  70
       1	   1	 220	 146	 181	  74	  17	  18	 207	 206	  81	  71
       1	   1	 220	 146	 181	  73	  18	  19	 207	 206	  81	  71
       1	   1	 220	 147	 181	  73	  18	  18	 208	 206	  81	  72
       1	   1	 220	 146	 181	  73	  18	  19	 207	 206	  82	  70
       1	   1	 220	 146	 181	  74	  17	  19	 207	 206	  81	  71
       1	   1	 219	 145	 181	  75	  17	  19	 207	 206	  82	  70
       1	   1	 219	 145	 180	  75	  17	  19	 207	 206	  82	  70
       1	   1	 220	 147	 181	  73	  17	  19	 207	 206	  81	  71
       1	   1	 220	 147	 181	  73	  18	  19	 207	 206	  82	  70
       1	   1	 220	 147	 181	  74	  17	  19	 207	 206	  82	  70
       1	   1	 219	 146	 181	  74	  18	  19	 207	 206	  82	  68
       1	   1	 220	 147	 180	  74	  17	  19	 207	 206	  82	  69
       1	   1	 220	 146	 181	  74	  17	  19	 207	 206	  82	  69
       1	   1	 219	 146	 180	  75	  17	  19	 206	 206	  82	  69
       1	   1	 220	 146	 181	  74	  17	  19	 207	 206	  81	  69
       1	   1	 220	 147	 181	  73	  17	  19	 207	 206	  81	  70
       1	   1	 220	 147	 181	  73	  18	  19	 207	 206	  81	  71
       1	   1	 220	 146	 181	  73	  17	  19	 206	 206	  81	  70
       1	   1	 220	 146	 181	  73	  18	  19	 206	 206	  81	  71
       1	   1	 220	 146	 181	  73	  17	  18	 206	 206	  80	  71
       1	   1	 220	 146	 181	  72	  18	  19	 206	 206	  80	  71
       1	   1	 220	 146	 181	  73	  17	  19	 206	 206	  80	  71
       1	   1	 220	 146	 181	  73	  18	  19	 206	 206	  81	  70
       1	   1	 220	 146	 181	  73	  17	  18	 206	 206	  81	  71
       1	   1	 219	 145	 181	  73	  17	  19	 206	 206	  81	  70
       1	   1	 220	 146	 181	  73	  17	  19	 206	 206	  81	  70
       1	   1	 220	 146	 181	  73	  17	  19	 206	 206	  81	  70
       1	   1	 220	 146	 181	  73	  17	  19	 206	 206	  81	  71
       1	   1	 220	 146	 181	  73	  18	  19	 207	 206	  81	  71
       1	   1	 220	 146	 181	  73	  17	  18	 207	 206	  81	  71
       1	   1	 221	 147	 181	  72	  18	  19	 207	 206	  81	  71
       1	   1	 221	 148	 181	  72	  18	  18	 207	 207	  80	  72
       1	   1	 220	 147	 181	  73	  17	  19	 207	 206	  81	  70
       1	   1	 220	 146	 181	  73	  18	  19	 207	 206	  82	  70
       1	   1	 220	 147	 181	  73	  17	  19	 207	 206	  81	  70
       1	   1	 219	 146	 181	  73	  18	  19	 207	 206	  82	  69
       1	   1	 220	 146	 181	  74	  17	  19	 206	 206	  81	  69
       1	   1	 220	 147	 181	  73	  18	  19	 207	 206	  81	  70
       1	   1	 221	 148	 181	  72	  18	  18	 207	 206	  81	  71
       1	   1	 221	 148	 181	  72	  18	  19	 208	 206	  80	  72
       1	   1	 222	 149	 181	  71	  18	  18	 208	 207	  80	  73
       1	   1	 221	 148	 182	  71	  18	  19	 207	 207	  80	  72
       1	   1	 220	 146	 181	  73	  17	  19	 206	 206	  81	  71
       1	   1	 221	 147	 181	  72	  18	  19	 207	 206	  80	  71
       1	   1	 221	 147	 181	  72	  17	  18	 206	 207	  80	  71
       1	   1	 221	 146	 181	  72	  18	  19	 206	 206	  80	  71
       1	   1	 221	 146	 181	  72	  17	  19	 206	 207	  80	  71
       1	   1	 220	 146	 181	  72	  18	  19	 206	 206	  80	  71
       1	   1	 220	 146	 181	  72	  17	  19	 206	 207	  80	  71
       1	   1	 220	 145	 181	  72	  17	  19	 206	 206	  80	  71
       1	   1	 220	 146	 181	  72	  17	  19	 206	 206	  80	  71
       1	   1	 221	 146	 181	  72	  18	  19	 206	 206	  80	  71
       1	   1	 221	 147	 181	  72	  17	  19	 207	 206	  80	  71
       1	   1	 221	 147	 181	  72	  18	  19	 207	 206	  80	  71
       1	   1	 221	 147	 181	  72	  17	  18	 207	 207	  80	  72
       1	   1	 220	 146	 181	  72	  18	  19	 207	 206	  80	  72
       1	   1	 221	 148	 181	  72	  17	  18	 207	 207	  80	  72
       1	   1	 220	 147	 181	  72	  17	  19	 207	 206	  81	  71
       1	   1	 220	 147	 181	  72	  18	  19	 207	 206	  81	  70
       1	   1	 221	 148	 181	  72	  18	  19	 207	 206	  80	  71
       1	   1	 221	 148	 181	  72	  18	  19	 207	 206	  81	  71
       1	   1	 220	 146	 181	  73	  17	  19	 206	 206	  81	  70
       1	   1	 221	 147	 181	  72	  18	  19	 207	 206	  81	  70
       1	   1	 222	 149	 181	  71	  18	  18	 207	 207	  80	  72
       1	   1	 222	 149	 182	  71	  18	  19	 208	 207	  80	  72
       1	   1	 223	 149	 181	  71	  18	  18	 208	 207	  79	  73
       1	   1	 222	 148	 182	  71	  18	  18	 207	 207	  80	  72
       1	   1	 222	 148	 181	  71	  18	  18	 207	 207	  80	  72
       1	   1	 222	 149	 182	  71	  18	  18	 208	 207	  80	  73
       1	   1	 222	 148	 181	  72	  18	  18	 207	 207	  80	  72
       1	   1	 221	 147	 181	  71	  18	  19	 206	 207	  80	  71
       1	   1	 221	 147	 181	  72	  17	  18	 206	 207	  80	  72
       1	   1	 221	 147	 181	  72	  18	  19	 206	 206	  80	  71
       1	   1	 221	 146	 181	  72	  17	  18	 206	 207	  80	  71
       1	   1	 221	 146	 181	  71	  18	  19	 206	 206	  80	  71
       1	   1	 221	 147	 181	  71	  17	  18	 206	 207	  80	  72
       1	   1	 221	 147	 182	  71	  18	  19	 207	 207	  80	  71
       1	   1	 221	 147	 181	  72	  17	  18	 207	 207	  80	  72
       1	   1	 221	 148	 182	  71	  18	  19	 207	 207	  80	  71
       1	   1	 222	 148	 181	  71	  18	  18	 207	 207	  80	  72
       1	   1	 221	 147	 181	  72	  18	  19	 206	 206	  80	  71
       1	   1	 221	 148	 181	  71	  18	  18	 207	 207	  80	  72
       1	   1	 221	 147	 181	  72	  17	  19	 207	 206	  80	  71
       1	   1	 221	 147	 181	  72	  18	  19	 207	 206	  81	  71
       1	   1	 221	 147	 181	  72	  17	  18	 207	 206	  80	  71
       1	   1	 221	 147	 181	  72	  18	  19	 207	 206	  81	  71
       1	   1	 221	 147	 181	  72	  17	  19	 207	 206	  80	  71
       1	   1	 220	 146	 181	  72	  18	  19	 206	 206	  80	  71
       1	   1	 221	 147	 181	  72	  17	  18	 206	 206	  80	  71
       1	   1	 222	 148	 182	  71	  18	  19	 207	 207	  80	  72
       1	   1	 222	 148	 181	  71	  18	  18	 207	 207	  79	  72
       1	   1	 223	 149	 182	  70	  18	  18	 208	 207	  79	  73
       1	   1	 222	 149	 181	  71	  18	  18	 207	 207	  79	  73
       1	   1	 222	 149	 182	  70	  18	  18	 208	 207	  79	  73
       1	   1	 222	 148	 181	  71	  18	  18	 207	 207	  79	  73
       1	   1	 222	 148	 182	  70	  18	  18	 207	 207	  80	  72
       1	   1	 222	 149	 182	  70	  18	  18	 207	 207	  79	  74
       1	   1	 222	 148	 182	  71	  18	  18	 207	 207	  80	  73
       1	   1	 222	 148	 181	  71	  18	  18	 207	 207	  79	  72
       1	   1	 222	 148	 182	  70	  18	  19	 207	 207	  79	  73
       1	   1	 222	 147	 181	  71	  17	  18	 207	 207	  79	  73
       1	   1	 221	 146	 181	  72	  17	  19	 206	 206	  80	  72
       1	   1	 221	 146	 181	  72	  17	  18	 206	 206	  80	  72
       1	   1	 221	 146	 181	  72	  17	  19	 206	 206	  81	  71
       1	   1	 221	 147	 181	  72	  17	  18	 206	 207	  80	  72
       1	   1	 221	 147	 182	  71	  18	  19	 207	 207	  80	  73
       1	   1	 222	 148	 181	  71	  18	  18	 207	 207	  79	  73
       1	   1	 222	 148	 181	  71	  18	  18	 207	 207	  80	  73
       1	   1	 221	 147	 181	  71	  18	  19	 207	 206	  80	  71
       1	   1	 221	 147	 181	  72	  17	  19	 206	 206	  80	  71
       1	   1	 221	 147	 181	  72	  18	  19	 207	 206	  80	  71
       1	   1	 221	 147	 181	  72	  17	  18	 207	 207	  80	  72
       1	   1	 220	 147	 182	  71	  18	  19	 207	 206	  80	  72
       1	   1	 222	 148	 181	  71	  18	  18	 207	 207	  79	  72
       1	   1	 222	 148	 182	  70	  18	  18	 207	 207	  79	  73
       1	   1	 222	 148	 182	  70	  18	  18	 207	 207	  79	  72
       1	   1	 222	 149	 182	  70	  18	  18	 208	 207	  79	  73
       1	   1	 222	 148	 181	  71	  18	  18	 207	 207	  79	  72
       1	   1	 221	 147	 181	  71	  18	  19	 207	 207	  80	  72
       1	   1	 222	 148	 181	  71	  18	  18	 207	 207	  79	  73
       1	   1	 222	 148	 182	  70	  18	  18	 207	 207	  79	  72
       1	   1	 222	 148	 181	  71	  18	  18	 207	 207	  79	  73
       1	   1	 222	 147	 182	  71	  18	  19	 207	 207	  80	  72
       1	   1	 222	 147	 181	  71	  18	  18	 207	 207	  79	  73
       1	   1	 222	 148	 182	  70	  18	  18	 207	 207	  79	  73
       1	   1	 222	 148	 181	  71	  18	  18	 207	 207	  79	  73
       1	   1	 221	 147	 181	  71	  17	  19	 206	 206	  80	  71
       1	   1	 221	 146	 181	  72	  17	  18	 206	 206	  80	  71
       1	   1	 220	 146	 181	  72	  17	  19	 206	 206	  80	  71
       1	   1	 221	 147	 181	  72	  17	  18	 206	 206	  80	  72
       1	   1	 222	 147	 182	  70	  18	  18	 207	 207	  79	  73
       1	   1	 222	 148	 182	  70	  18	  18	 207	 207	  79	  73
       1	   1	 222	 149	 182	  70	  18	  18	 207	 207	  79	  74
       1	   1	 222	 148	 182	  71	  18	  18	 207	 207	  80	  73
       1	   1	 222	 148	 181	  71	  18	  18	 207	 207	  79	  73
       1	   1	 222	 148	 182	  70	  18	  18	 207	 207	  80	  73
       1	   1	 222	 148	 181	  71	  18	  18	 207	 207	  79	  73
       1	   1	 222	 148	 182	  70	  18	  18	 207	 207	  79	  73
       1	   1	 222	 148	 182	  70	  18	  18	 207	 207	  79	  74
       1	   1	 222	 148	 182	  70	  18	  18	 207	 207	  79	  73
       1	   1	 223	 150	 182	  69	  18	  18	 208	 208	  79	  74
       1	   1	 223	 149	 182	  69	  18	  18	 208	 207	  79	  74
       1	   1	 222	 148	 181	  70	  18	  18	 207	 207	  79	  73
       1	   1	 222	 148	 182	  71	  18	  18	 207	 207	  79	  72
       1	   1	 222	 148	 181	  71	  18	  18	 207	 207	  79	  73
       1	   1	 222	 148	 182	  70	  18	  18	 207	 207	  79	  73
       1	   1	 222	 148	 182	  70	  18	  18	 207	 207	  79	  73
       1	   1	 222	 148	 182	  70	  18	  18	 207	 207	  79	  73
       1	   1	 222	 148	 182	  70	  18	  18	 207	 207	  78	  73
       1	   1	 222	 148	 182	  70	  18	  18	 207	 207	  79	  73
       1	   1	 223	 149	 182	  70	  18	  18	 207	 207	  79	  74
       1	   1	 222	 148	 182	  70	  18	  18	 207	 207	  79	  73
       1	   1	 221	 147	 181	  71	  17	  18	 206	 207	  80	  72
       1	   1	 220	 146	 181	  71	  17	  19	 206	 206	  80	  72
       1	   1	 221	 146	 181	  72	  17	  18	 206	 207	  80	  72
       1	   1	 222	 148	 182	  70	  18	  18	 207	 207	  79	  74
       1	   1	 223	 149	 182	  70	  18	  18	 207	 208	  78	  75
       2	   2	 179	 193	 182	  61	  20	  17	 212	 208	  76	  72
       2	   2	 180	 190	 182	  64	  20	  17	 212	 209	  75	  77
       2	   2	 179	 185	 179	  62	  20	  17	 211	 209	  76	  73
       2	   2	 179	 185	 178	  63	  20	  16	 210	 209	  76	  77
       2	   2	 179	 186	 179	  62	  20	  16	 210	 209	  76	  74
       2	   2	 180	 186	 179	  62	  20	  16	 210	 209	  76	  76
       2	   2	 181	 186	 180	  62	  20	  17	 211	 209	  76	  73
       2	   2	 180	 184	 177	  60	  20	  16	 211	 209	  76	  75
       2	   2	 178	 181	 175	  58	  21	  16	 210	 210	  76	  73
       2	   2	 178	 180	 174	  58	  20	  16	 210	 210	  76	  74
       2	   2	 181	 184	 178	  60	  20	  17	 212	 209	  77	  72
       2	   2	 180	 183	 176	  61	  20	  16	 211	 209	  76	  76
       2	   2	 180	 187	 178	  60	  20	  17	 212	 209	  77	  72
       2	   2	 181	 192	 181	  61	  20	  17	 211	 209	  76	  73
       2	   2	 181	 191	 182	  65	  20	  17	 211	 209	  75	  77
       2	   2	 181	 190	 183	  65	  20	  17	 211	 209	  76	  75
       2	   2	 181	 190	 181	  64	  20	  17	 210	 209	  75	  77
       2	   2	 180	 186	 178	  61	  20	  17	 209	 209	  76	  74
       2	   2	 180	 186	 178	  60	  20	  16	 210	 209	  76	  75
       2	   2	 180	 185	 178	  60	  20	  17	 210	 209	  77	  73
       2	   2	 179	 183	 176	  60	  20	  16	 210	 210	  76	  75
       2	   2	 177	 180	 174	  58	  21	  16	 209	 210	  76	  74
       2	   2	 179	 179	 174	  59	  20	  16	 210	 211	  76	  75
       2	   2	 181	 180	 176	  62	  20	  17	 211	 211	  76	  74
       2	   2	 180	 186	 178	  61	  20	  16	 211	 209	  76	  75
       2	   2	 181	 188	 179	  60	  20	  17	 211	 209	  76	  73
       2	   2	 181	 192	 181	  59	  20	  17	 210	 209	  76	  73
       2	   2	 181	 193	 181	  62	  20	  17	 209	 209	  75	  77
       2	   2	 181	 191	 181	  61	  20	  17	 209	 209	  76	  73
       2	   2	 180	 186	 178	  60	  20	  16	 208	 209	  76	  77
       2	   2	 178	 183	 176	  59	  21	  16	 209	 210	  76	  75
       2	   2	 179	 183	 176	  60	  20	  16	 210	 210	  76	  76
       2	   2	 180	 182	 177	  59	  21	  17	 210	 210	  77	  73
       2	   2	 178	 181	 175	  59	  20	  16	 210	 210	  76	  76
       2	   2	 178	 179	 174	  58	  21	  16	 210	 210	  76	  74
       2	   2	 178	 178	 173	  59	  20	  16	 210	 211	  76	  75
       2	   2	 180	 182	 176	  60	  20	  17	 210	 210	  76	  73
       2	   2	 181	 186	 178	  61	  20	  17	 210	 209	  76	  76
       2	   2	 180	 187	 178	  60	  20	  17	 210	 209	  76	  73
       2	   2	 181	 191	 180	  60	  20	  17	 211	 208	  76	  73
       2	   2	 181	 192	 181	  62	  20	  17	 210	 209	  75	  77
       2	   2	 180	 189	 179	  60	  20	  17	 210	 208	  76	  73
       2	   2	 179	 185	 177	  60	  20	  16	 209	 209	  76	  77
       2	   2	 179	 183	 176	  59	  21	  16	 210	 209	  76	  74
       2	   2	 179	 184	 176	  59	  20	  16	 211	 209	  76	  75
       2	   2	 179	 183	 176	  60	  21	  16	 211	 209	  77	  73
       2	   2	 179	 180	 175	  59	  20	  16	 211	 210	  76	  75
       2	   2	 179	 178	 175	  59	  21	  16	 211	 210	  77	  74
       2	   2	 180	 178	 174	  59	  20	  16	 211	 211	  76	  75
       2	   2	 181	 183	 177	  60	  20	  17	 211	 210	  77	  72
       2	   2	 181	 184	 177	  61	  20	  16	 211	 209	  76	  76
       2	   2	 181	 183	 177	  60	  21	  17	 211	 210	  77	  74
       2	   2	 182	 191	 180	  59	  20	  17	 211	 209	  76	  73
       2	   2	 183	 194	 183	  63	  20	  17	 210	 209	  75	  77
       2	   2	 181	 193	 182	  62	  20	  17	 210	 209	  76	  73
       2	   2	 178	 188	 178	  61	  20	  16	 209	 209	  76	  76
       2	   2	 178	 185	 177	  59	  20	  16	 209	 209	  76	  72
       2	   2	 179	 187	 178	  60	  20	  16	 210	 209	  76	  74
       2	   2	 180	 187	 179	  60	  20	  17	 211	 209	  77	  72
       2	   2	 180	 182	 176	  60	  20	  16	 210	 210	  76	  75
       2	   2	 178	 179	 175	  59	  21	  16	 210	 210	  76	  74
       2	   2	 179	 179	 174	  59	  20	  16	 210	 211	  76	  75
       2	   2	 180	 182	 176	  59	  20	  17	 211	 210	  77	  73
       2	   2	 180	 182	 176	  61	  20	  16	 211	 210	  76	  76
       2	   2	 181	 183	 177	  59	  21	  17	 211	 210	  77	  74
       2	   2	 182	 190	 180	  59	  20	  17	 210	 209	  76	  73
       2	   2	 183	 196	 184	  64	  20	  17	 210	 210	  75	  78
       2	   2	 181	 194	 183	  63	  20	  17	 209	 209	  76	  74
       2	   2	 178	 190	 179	  61	  20	  16	 208	 209	  75	  76
       2	   2	 179	 188	 179	  60	  20	  17	 209	 209	  76	  73
       2	   2	 181	 190	 180	  60	  20	  17	 210	 209	  76	  75
       2	   2	 180	 190	 181	  60	  20	  17	 210	 209	  76	  73
       2	   2	 180	 186	 178	  60	  20	  16	 209	 209	  76	  76
       2	   2	 178	 182	 176	  59	  20	  16	 208	 210	  76	  75
       2	   2	 178	 181	 175	  60	  20	  16	 209	 210	  76	  75
       2	   2	 179	 186	 178	  60	  20	  17	 211	 210	  76	  72
       2	   2	 179	 187	 179	  62	  20	  17	 211	 209	  76	  75
       2	   2	 180	 189	 180	  60	  20	  17	 211	 209	  76	  73
       2	   2	 180	 187	 179	  60	  20	  17	 211	 209	  76	  74
       2	   2	 181	 192	 181	  62	  20	  17	 211	 209	  75	  77
       2	   2	 180	 191	 181	  62	  20	  17	 210	 208	  76	  73
       2	   2	 178	 188	 179	  62	  20	  16	 209	 209	  76	  76
       2	   2	 180	 187	 178	  60	  20	  16	 209	 209	  76	  74
       2	   2	 180	 189	 179	  60	  20	  17	 210	 209	  76	  74
       2	   2	 179	 188	 179	  60	  20	  17	 210	 209	  77	  72
       2	   2	 179	 185	 177	  60	  20	  16	 209	 210	  76	  75
       2	   2	 178	 181	 175	  59	  21	  16	 208	 210	  76	  75
       2	   2	 178	 180	 174	  59	  20	  16	 209	 210	  76	  75
       2	   2	 179	 184	 177	  59	  20	  17	 211	 210	  77	  72
       2	   2	 178	 186	 178	  62	  20	  16	 210	 209	  76	  76
       2	   2	 179	 188	 179	  60	  20	  17	 211	 209	  77	  73
       2	   2	 180	 184	 177	  59	  20	  17	 211	 209	  77	  74
       2	   2	 181	 189	 180	  61	  20	  17	 210	 209	  75	  77
       2	   2	 180	 190	 180	  61	  20	  17	 209	 209	  76	  73
       2	   2	 179	 185	 177	  61	  20	  16	 208	 209	  76	  77
       2	   2	 181	 184	 177	  59	  21	  17	 210	 210	  76	  73
       2	   2	 180	 186	 177	  60	  20	  16	 210	 209	  76	  74
       2	   2	 179	 185	 178	  60	  20	  17	 210	 209	  77	  73
       2	   2	 179	 182	 176	  59	  20	  16	 209	 210	  76	  76
       2	   2	 179	 180	 175	  57	  21	  16	 209	 210	  76	  75
       2	   2	 179	 180	 174	  58	  20	  16	 209	 210	  76	  75
       2	   2	 178	 183	 177	  60	  20	  16	 210	 209	  76	  72
       2	   2	 178	 187	 178	  61	  20	  16	 210	 209	  76	  76
       2	   2	 179	 189	 179	  60	  20	  17	 210	 209	  76	  73
       2	   2	 179	 183	 176	  58	  21	  16	 210	 209	  77	  73
       2	   2	 178	 185	 177	  60	  20	  16	 210	 209	  76	  76
       2	   2	 178	 184	 177	  60	  20	  16	 209	 209	  77	  73
       2	   2	 179	 183	 176	  61	  20	  16	 209	 210	  76	  77
       2	   2	 181	 184	 177	  60	  21	  16	 210	 209	  77	  73
       2	   2	 180	 183	 176	  59	  20	  16	 211	 210	  76	  74
       2	   2	 179	 183	 177	  60	  20	  16	 210	 209	  77	  72
       2	   2	 178	 182	 176	  60	  20	  16	 210	 210	  76	  76
       2	   2	 179	 179	 175	  58	  21	  16	 210	 210	  77	  74
       2	   2	 178	 181	 175	  59	  20	  16	 210	 210	  76	  74
       2	   2	 177	 185	 177	  61	  20	  16	 210	 209	  76	  72
       2	   2	 180	 189	 179	  62	  20	  16	 209	 209	  76	  78
       2	   2	 186	 188	 181	  61	  20	  17	 209	 209	  75	  75
       2	   2	 181	 186	 178	  58	  20	  17	 210	 209	  77	  74
       2	   2	 180	 188	 179	  60	  20	  17	 211	 209	  76	  77
       2	   2	 179	 184	 177	  59	  20	  17	 210	 209	  77	  73
       2	   2	 180	 184	 177	  60	  20	  16	 209	 210	  76	  77
       2	   2	 181	 188	 179	  60	  20	  17	 209	 209	  76	  74
       2	   2	 180	 187	 178	  60	  20	  16	 210	 209	  76	  75
       2	   2	 180	 185	 178	  59	  20	  17	 210	 209	  77	  73
       2	   2	 179	 184	 177	  59	  20	  16	 209	 210	  76	  76
       2	   2	 179	 181	 176	  58	  21	  17	 210	 210	  76	  74
       2	   2	 178	 184	 177	  60	  20	  16	 210	 209	  76	  74
       2	   2	 178	 187	 178	  60	  20	  17	 210	 209	  76	  72
       2	   2	 183	 190	 181	  61	  20	  17	 208	 209	  75	  78
       2	   2	 186	 189	 182	  60	  20	  17	 209	 209	  76	  76
       2	   2	 183	 188	 180	  59	  20	  17	 210	 209	  76	  74
       2	   2	 184	 191	 182	  61	  20	  17	 210	 209	  75	  78
       2	   2	 181	 186	 179	  59	  20	  17	 210	 209	  76	  73
       2	   2	 179	 188	 178	  61	  20	  16	 209	 209	  76	  76
       2	   2	 179	 188	 179	  60	  20	  17	 210	 209	  76	  72
       2	   2	 180	 190	 179	  60	  20	  17	 210	 209	  76	  73
       2	   2	 180	 187	 179	  59	  20	  17	 210	 209	  77	  71
       2	   2	 178	 184	 176	  59	  20	  16	 210	 210	  76	  74
       2	   2	 177	 184	 176	  59	  20	  17	 210	 209	  76	  73
       2	   2	 177	 187	 177	  60	  20	  16	 210	 209	  76	  73
       2	   2	 180	 189	 179	  60	  20	  17	 210	 209	  76	  72
       2	   2	 183	 195	 183	  63	  20	  17	 209	 210	  75	  77
       2	   2	 183	 192	 182	  61	  20	  17	 209	 209	  76	  75
       2	   2	 181	 186	 178	  58	  20	  17	 209	 209	  76	  75
       2	   2	 182	 188	 179	  59	  20	  17	 209	 209	  75	  77
       2	   2	 181	 187	 179	  59	  20	  17	 210	 209	  76	  74
       2	   2	 179	 187	 178	  60	  20	  16	 209	 209	  76	  76
       2	   2	 179	 185	 177	  59	  20	  17	 210	 209	  76	  72
       2	   2	 179	 185	 177	  58	  20	  16	 210	 209	  76	  73
       2	   2	 179	 184	 177	  58	  20	  17	 210	 209	  77	  72
       2	   2	 178	 182	 175	  58	  20	  16	 210	 210	  76	  75
       2	   2	 176	 183	 176	  58	  20	  16	 210	 210	  76	  73
       2	   2	 178	 187	 177	  60	  20	  16	 209	 209	  76	  74
       2	   2	 179	 188	 179	  60	  20	  17	 209	 209	  76	  72
       2	   2	 179	 191	 180	  62	  20	  16	 209	 209	  76	  77
       2	   2	 181	 195	 183	  63	  20	  17	 209	 209	  75	  74
       2	   2	 183	 191	 181	  60	  20	  17	 211	 208	  76	  74
       2	   2	 183	 191	 181	  61	  20	  17	 210	 209	  75	  77
       2	   2	 179	 185	 177	  58	  20	  17	 210	 209	  77	  73
       2	   2	 178	 182	 175	  59	  20	  16	 210	 210	  76	  76
       2	   2	 180	 182	 176	  58	  21	  17	 212	 210	  77	  72
       2	   2	 180	 183	 176	  59	  20	  17	 212	 210	  77	  73
       2	   2	 179	 184	 177	  58	  21	  17	 211	 209	  77	  71
       2	   2	 178	 182	 175	  59	  20	  16	 211	 210	  76	  74
       2	   2	 176	 180	 174	  58	  21	  16	 211	 210	  77	  73
       2	   2	 177	 183	 175	  59	  20	  16	 210	 209	  76	  73
       2	   2	 178	 185	 177	  60	  20	  16	 210	 209	  76	  72
       2	   2	 177	 184	 176	  61	  20	  16	 209	 209	  76	  76
       2	   2	 177	 186	 178	  60	  20	  16	 209	 209	  76	  73
       2	   2	 179	 186	 177	  58	  20	  17	 210	 210	  77	  73
       2	   2	 180	 188	 179	  60	  20	  17	 209	 209	  75	  76
       2	   2	 178	 184	 176	  59	  20	  16	 209	 210	  77	  73
       2	   2	 179	 183	 175	  59	  20	  16	 209	 210	  76	  76
       2	   2	 180	 184	 177	  59	  21	  17	 210	 210	  77	  73
       2	   2	 180	 186	 177	  59	  20	  16	 210	 209	  76	  74
       2	   2	 179	 187	 178	  59	  20	  17	 210	 209	  76	  73
       2	   2	 178	 184	 176	  59	  20	  16	 209	 210	  76	  76
       2	   2	 177	 181	 175	  58	  21	  16	 209	 210	  76	  73
       2	   2	 178	 183	 175	  59	  20	  16	 209	 210	  76	  74
       2	   2	 179	 184	 176	  59	  20	  16	 209	 210	  76	  72
       2	   2	 178	 185	 177	  60	  20	  16	 208	 209	  75	  77
       2	   2	 179	 189	 180	  61	  20	  17	 209	 209	  76	  75
       2	   2	 178	 189	 178	  59	  20	  17	 210	 209	  77	  73
       2	   2	 179	 190	 179	  61	  20	  16	 210	 209	  76	  76
       2	   2	 179	 186	 178	  59	  20	  17	 209	 209	  77	  72
       2	   2	 179	 186	 177	  60	  20	  16	 209	 209	  76	  76
       2	   2	 178	 187	 178	  60	  20	  17	 210	 209	  76	  73
       2	   2	 179	 189	 179	  60	  20	  17	 211	 209	  76	  74
       2	   2	 180	 189	 180	  60	  20	  17	 210	 209	  76	  72
       2	   2	 179	 188	 178	  60	  20	  16	 209	 209	  76	  75
       2	   2	 177	 184	 176	  59	  21	  16	 209	 209	  76	  73
       2	   2	 177	 185	 176	  59	  20	  16	 209	 210	  76	  74
       2	   2	 179	 187	 179	  60	  20	  17	 210	 209	  76	  73
       2	   2	 180	 190	 180	  61	  20	  17	 209	 209	  75	  77
       2	   2	 180	 193	 182	  61	  20	  17	 210	 209	  76	  73
       2	   2	 178	 191	 180	  60	  20	  17	 210	 208	  76	  72
       2	   2	 179	 191	 179	  61	  20	  16	 210	 208	  76	  75
       2	   2	 179	 188	 178	  60	  20	  16	 210	 208	  77	  71
       2	   2	 179	 187	 177	  61	  20	  16	 209	 209	  76	  76
       2	   2	 179	 189	 179	  60	  20	  17	 211	 208	  76	  72
       2	   2	 180	 191	 180	  62	  20	  17	 211	 209	  76	  74
       2	   2	 180	 189	 180	  60	  20	  17	 211	 209	  77	  72
       2	   2	 179	 188	 178	  61	  20	  16	 210	 209	  76	  75
       2	   2	 177	 184	 176	  59	  21	  16	 210	 209	  76	  73
       2	   2	 177	 185	 176	  60	  20	  16	 210	 209	  76	  73
       2	   2	 179	 189	 180	  61	  20	  17	 210	 209	  76	  72
       2	   2	 180	 193	 182	  63	  20	  17	 210	 209	  75	  77
       2	   2	 181	 195	 184	  63	  20	  17	 211	 209	  76	  74
       2	   2	 179	 192	 180	  59	  20	  17	 208	 209	  76	  73
       2	   2	 179	 189	 179	  60	  20	  16	 209	 209	  76	  77
       2	   2	 178	 189	 178	  60	  20	  17	 209	 209	  76	  72
       2	   2	 178	 188	 178	  61	  20	  16	 208	 209	  76	  76
       2	   2	 179	 189	 179	  60	  20	  17	 210	 209	  76	  73
       2	   2	 179	 188	 178	  60	  20	  16	 210	 209	  76	  75
       2	   2	 179	 188	 179	  60	  20	  17	 209	 209	  76	  73
       2	   2	 178	 186	 177	  60	  20	  16	 209	 209	  76	  76
       2	   2	 177	 183	 176	  59	  21	  16	 209	 210	  76	  74
       2	   2	 177	 186	 177	  60	  20	  16	 209	 210	  76	  74
       2	   2	 180	 191	 181	  61	  20	  17	 210	 209	  76	  73
       2	   2	 181	 194	 183	  64	  20	  17	 209	 209	  75	  77
       2	   2	 180	 194	 183	  62	  20	  17	 209	 209	  76	  74
       2	   2	 179	 189	 178	  59	  20	  17	 209	 209	  76	  73
       2	   2	 178	 189	 178	  60	  20	  16	 209	 209	  76	  76
       2	   2	 178	 187	 177	  59	  20	  16	 210	 209	  77	  72
       2	   2	 176	 185	 176	  60	  20	  16	 209	 209	  76	  76
       2	   2	 178	 187	 177	  60	  20	  16	 210	 209	  77	  73
       2	   2	 179	 189	 179	  61	  20	  16	 210	 209	  76	  74
       2	   2	 179	 189	 179	  61	  20	  17	 209	 209	  77	  73
       2	   2	 177	 184	 176	  60	  20	  16	 209	 210	  76	  75
       2	   2	 177	 179	 174	  58	  21	  16	 210	 210	  77	  73
       2	   2	 177	 183	 175	  60	  20	  16	 209	 210	  76	  74
       2	   2	 179	 189	 179	  59	  20	  17	 209	 209	  76	  72
       2	   2	 179	 190	 180	  61	  20	  17	 209	 209	  76	  76
       2	   2	 180	 190	 180	  60	  20	  17	 209	 209	  76	  74
       2	   2	 179	 190	 179	  60	  20	  17	 210	 208	  77	  73
       2	   2	 177	 190	 179	  61	  20	  16	 210	 208	  76	  76
       2	   2	 177	 188	 178	  60	  20	  16	 210	 209	  77	  72
       2	   2	 177	 186	 176	  60	  20	  16	 210	 209	  76	  76
       2	   2	 178	 187	 178	  60	  21	  16	 210	 209	  76	  73
       2	   2	 178	 188	 178	  61	  20	  16	 210	 209	  76	  75
       2	   2	 177	 188	 178	  61	  21	  17	 210	 209	  77	  73
       2	   2	 177	 181	 175	  59	  20	  16	 210	 210	  76	  76
       2	   2	 177	 178	 174	  58	  21	  16	 211	 210	  76	  73
       2	   2	 177	 182	 175	  60	  20	  16	 210	 210	  76	  74
       2	   2	 179	 190	 179	  60	  20	  17	 210	 209	  76	  72
       2	   2	 181	 191	 181	  62	  20	  17	 209	 209	  76	  77
       2	   2	 182	 192	 182	  61	  20	  17	 210	 209	  76	  74
       3	   3	 216	 153	 183	  65	  21	  17	 210	 211	  75	  78
       3	   3	 212	 151	 183	  66	  21	  17	 210	 211	  76	  78
       3	   3	 204	 148	 184	  67	  21	  17	 209	 211	  76	  78
       3	   3	 212	 151	 183	  66	  21	  17	 210	 211	  76	  77
       3	   3	 213	 152	 183	  66	  21	  17	 210	 211	  76	  78
       3	   3	 214	 152	 183	  65	  21	  17	 210	 211	  76	  77
       3	   3	 214	 152	 183	  66	  21	  17	 210	 211	  75	  78
       3	   3	 213	 151	 183	  66	  21	  17	 210	 210	  76	  77
       3	   3	 213	 152	 183	  66	  21	  17	 210	 211	  75	  78
       3	   3	 213	 152	 183	  66	  21	  17	 210	 210	  76	  77
       3	   3	 213	 152	 183	  66	  21	  17	 210	 211	  75	  77
       3	   3	 216	 153	 183	  65	  21	  17	 210	 211	  76	  77
       3	   3	 216	 153	 182	  65	  21	  17	 210	 211	  75	  78
       3	   3	 215	 152	 183	  65	  21	  17	 210	 211	  76	  77
       3	   3	 213	 152	 183	  66	  21	  17	 210	 211	  76	  77
       3	   3	 214	 151	 183	  66	  21	  17	 210	 210	  76	  77
       3	   3	 212	 151	 183	  66	  21	  17	 210	 211	  76	  78
       3	   3	 218	 153	 183	  65	  21	  17	 210	 211	  75	  78
       3	   3	 214	 151	 183	  66	  21	  17	 210	 210	  75	  77
       3	   3	 209	 150	 184	  67	  21	  17	 210	 210	  76	  78
       3	   3	 209	 150	 183	  67	  21	  17	 210	 210	  76	  77
       3	   3	 214	 152	 183	  66	  21	  17	 210	 211	  75	  77
       3	   3	 214	 152	 183	  66	  21	  17	 210	 211	  76	  77
       3	   3	 214	 152	 183	  66	  21	  17	 210	 211	  75	  78
       3	   3	 214	 152	 183	  66	  21	  17	 210	 210	  76	  77
       3	   3	 214	 152	 183	  66	  21	  17	 210	 211	  75	  78
       3	   3	 214	 152	 183	  66	  21	  17	 210	 211	  76	  76
       3	   3	 214	 152	 183	  66	  21	  17	 210	 211	  76	  77
       3	   3	 216	 153	 183	  65	  21	  17	 210	 210	  76	  77
       3	   3	 217	 153	 183	  65	  21	  17	 210	 211	  75	  77
       3	   3	 216	 152	 183	  65	  21	  17	 210	 211	  76	  77
       3	   3	 214	 152	 183	  66	  21	  17	 210	 211	  75	  78
       3	   3	 214	 152	 183	  66	  21	  17	 210	 210	  76	  77
       3	   3	 212	 151	 183	  66	  21	  17	 210	 211	  75	  77
       3	   3	 217	 153	 183	  66	  21	  17	 210	 211	  75	  78
       3	   3	 215	 152	 183	  65	  21	  17	 210	 211	  76	  77
       3	   3	 212	 151	 183	  66	  21	  17	 210	 211	  76	  78
       3	   3	 207	 150	 182	  68	  21	  17	 209	 210	  76	  77
       3	   3	 213	 153	 181	  68	  20	  17	 209	 210	  76	  78
       3	   3	 213	 153	 181	  67	  20	  17	 209	 210	  76	  77
       3	   3	 212	 153	 181	  68	  20	  17	 209	 210	  76	  78
       3	   3	 212	 153	 181	  68	  20	  17	 209	 210	  76	  77
       3	   3	 212	 154	 181	  68	  20	  17	 209	 210	  76	  78
       3	   3	 213	 153	 181	  67	  21	  17	 209	 210	  76	  77
       3	   3	 213	 154	 181	  67	  20	  17	 209	 211	  76	  77
       3	   3	 212	 154	 181	  67	  20	  17	 209	 210	  76	  78
       3	   3	 212	 154	 181	  67	  20	  17	 209	 211	  76	  77
       3	   3	 211	 153	 181	  67	  21	  18	 209	 210	  76	  78
       3	   3	 200	 148	 184	  68	  21	  17	 209	 210	  77	  79
       3	   3	 202	 149	 183	  68	  21	  17	 209	 210	  77	  78
       3	   3	 207	 151	 182	  67	  21	  17	 209	 211	  76	  78
       3	   3	 216	 152	 183	  66	  21	  17	 210	 211	  75	  78
       3	   3	 215	 151	 183	  65	  21	  17	 210	 211	  76	  77
       3	   3	 212	 151	 183	  66	  21	  17	 210	 211	  76	  78
       3	   3	 212	 151	 183	  66	  21	  17	 210	 210	  76	  77
       3	   3	 214	 152	 183	  66	  21	  17	 210	 211	  76	  77
       3	   3	 214	 152	 183	  66	  21	  17	 210	 210	  76	  77
       3	   3	 214	 152	 183	  66	  21	  17	 210	 211	  75	  77
       3	   3	 214	 152	 183	  66	  21	  17	 210	 210	  76	  77
       3	   3	 214	 152	 183	  66	  21	  17	 210	 211	  75	  77
       3	   3	 214	 152	 183	  66	  21	  17	 210	 210	  76	  77
       3	   3	 214	 152	 183	  66	  21	  17	 210	 211	  75	  77
       3	   3	 214	 152	 183	  66	  21	  17	 210	 210	  76	  77
       3	   3	 213	 152	 183	  66	  21	  17	 210	 211	  76	  77
       3	   3	 207	 148	 185	  64	  22	  18	 210	 210	  76	  78
       3	   3	 169	 133	 192	  67	  22	  16	 207	 210	  78	  80
       3	   3	 188	 140	 189	  69	  22	  16	 207	 209	  78	  78
       3	   3	 206	 151	 183	  67	  21	  16	 209	 211	  76	  79
       4	   4	 199	 148	 181	  69	  20	  17	 209	 211	  77	  76
       4	   4	 199	 148	 181	  69	  21	  18	 209	 211	  77	  76
       4	   4	 200	 149	 180	  70	  20	  17	 209	 211	  76	  77
       4	   4	 201	 150	 180	  70	  20	  18	 210	 211	  76	  77
       4	   4	 202	 150	 180	  70	  20	  17	 209	 211	  76	  76
       4	   4	 202	 150	 180	  69	  21	  18	 210	 211	  76	  75
       4	   4	 202	 150	 180	  70	  20	  17	 209	 212	  76	  77
       4	   4	 202	 150	 181	  69	  21	  18	 210	 211	  76	  76
       4	   4	 202	 149	 180	  70	  20	  18	 209	 212	  76	  76
       4	   4	 201	 149	 181	  69	  21	  18	 210	 211	  76	  75
       4	   4	 201	 149	 181	  69	  20	  17	 210	 212	  75	  77
       4	   4	 202	 149	 181	  69	  21	  18	 210	 211	  76	  75
       4	   4	 196	 145	 183	  69	  21	  17	 209	 211	  75	  76
       4	   4	 202	 150	 180	  70	  20	  17	 209	 211	  77	  76
       4	   4	 201	 150	 180	  69	  21	  18	 209	 211	  76	  75
       4	   4	 202	 150	 180	  70	  20	  17	 209	 211	  76	  77
       4	   4	 203	 150	 180	  69	  20	  17	 209	 211	  76	  76
       4	   4	 202	 150	 180	  70	  20	  17	 209	 211	  76	  76
       4	   4	 203	 150	 180	  69	  21	  18	 210	 211	  76	  75
       4	   4	 202	 150	 180	  69	  20	  17	 209	 212	  76	  77
       4	   4	 202	 150	 180	  69	  21	  18	 210	 212	  76	  76
       4	   4	 202	 150	 180	  70	  20	  17	 209	 212	  76	  76
       4	   4	 202	 150	 181	  69	  21	  18	 210	 212	  76	  75
       4	   4	 203	 150	 180	  69	  20	  17	 210	 212	  75	  77
       4	   4	 203	 150	 181	  69	  21	  18	 210	 211	  76	  75
       4	   4	 196	 145	 184	  69	  21	  17	 209	 211	  75	  76
       4	   4	 203	 150	 180	  69	  20	  17	 209	 211	  77	  76
       4	   4	 202	 150	 180	  69	  21	  18	 209	 211	  77	  76
       4	   4	 203	 150	 180	  70	  20	  17	 209	 211	  76	  77
       4	   4	 200	 149	 180	  70	  21	  18	 209	 211	  77	  76
       4	   4	 196	 147	 181	  70	  20	  17	 209	 211	  76	  76
       4	   4	 196	 148	 181	  69	  21	  18	 209	 211	  77	  75
       4	   4	 195	 147	 181	  70	  20	  17	 209	 211	  76	  77
       4	   4	 199	 149	 181	  69	  21	  18	 209	 212	  76	  76
       4	   4	 203	 150	 180	  69	  20	  17	 209	 212	  75	  76
       4	   4	 203	 150	 181	  69	  21	  18	 209	 212	  76	  75
       4	   4	 203	 150	 180	  69	  20	  17	 209	 211	  75	  77
       4	   4	 203	 150	 181	  69	  21	  18	 210	 211	  76	  75
       4	   4	 195	 145	 183	  69	  21	  18	 209	 211	  76	  75
       4	   4	 204	 151	 180	  69	  20	  17	 209	 211	  77	  76
       4	   4	 203	 150	 180	  69	  21	  17	 210	 211	  76	  76
       4	   4	 202	 150	 180	  70	  20	  17	 209	 211	  76	  77
       4	   4	 194	 145	 182	  70	  21	  18	 209	 211	  77	  76
       4	   4	 194	 140	 186	  71	  20	  17	 208	 210	  76	  78
       4	   4	 191	 141	 185	  69	  21	  18	 209	 211	  76	  76
       4	   4	 179	 135	 188	  69	  20	  17	 209	 210	  77	  80
       4	   4	 200	 145	 184	  69	  21	  17	 209	 211	  76	  77
       4	   4	 202	 150	 180	  69	  20	  17	 209	 212	  76	  76
       4	   4	 203	 150	 181	  69	  21	  18	 210	 211	  76	  76
       4	   4	 203	 150	 180	  69	  20	  17	 210	 211	  75	  77
       4	   4	 203	 150	 181	  69	  21	  18	 210	 211	  76	  76
       4	   4	 195	 144	 184	  69	  21	  17	 209	 211	  76	  76
       4	   4	 203	 150	 180	  69	  20	  17	 210	 211	  77	  76
       4	   4	 202	 150	 180	  69	  21	  18	 210	 211	  76	  76
       4	   4	 201	 150	 180	  70	  20	  17	 209	 211	  76	  77
       4	   4	 195	 146	 182	  69	  21	  18	 209	 211	  77	  76
       4	   4	 196	 143	 184	  69	  20	  17	 209	 211	  76	  78
       4	   4	 182	 141	 182	  68	  20	  18	 210	 212	  76	  76
       4	   4	 175	 135	 186	  68	  20	  17	 210	 211	  76	  80
       4	   4	 203	 147	 184	  68	  21	  17	 209	 211	  76	  77
       4	   4	 203	 150	 180	  69	  20	  18	 209	 212	  76	  76
       4	   4	 202	 150	 181	  69	  21	  18	 210	 211	  76	  76
       4	   4	 203	 150	 180	  69	  20	  17	 210	 211	  75	  77
       4	   4	 203	 150	 181	  69	  21	  18	 210	 211	  76	  75
       4	   4	 197	 145	 184	  69	  21	  17	 209	 211	  76	  76
       4	   4	 201	 149	 181	  69	  20	  17	 209	 211	  77	  76
       4	   4	 184	 140	 186	  71	  20	  17	 208	 210	  77	  79
       4	   4	 202	 148	 182	  69	  21	  17	 209	 212	  77	  78
       4	   4	 200	 146	 183	  68	  21	  17	 209	 211	  77	  77
       4	   4	 198	 148	 181	  69	  20	  18	 209	 211	  76	  76
       4	   4	 196	 147	 181	  69	  21	  18	 209	 211	  77	  75
       4	   4	 191	 145	 182	  70	  21	  17	 209	 211	  76	  77
       4	   4	 208	 149	 183	  67	  21	  17	 209	 211	  76	  76
       4	   4	 202	 150	 180	  69	  20	  17	 209	 212	  75	  76
       4	   4	 202	 149	 181	  69	  21	  18	 209	 211	  76	  76
       4	   4	 202	 149	 181	  69	  20	  17	 209	 212	  76	  77
       4	   4	 200	 148	 181	  68	  21	  18	 209	 211	  76	  75
       4	   4	 200	 145	 184	  68	  21	  17	 209	 211	  75	  76
       4	   4	 203	 147	 183	  67	  21	  18	 210	 211	  77	  78
       4	   4	 199	 145	 184	  68	  21	  18	 210	 211	  77	  77
       4	   4	 205	 148	 183	  68	  21	  17	 210	 211	  76	  78
       4	   4	 201	 146	 184	  68	  21	  18	 210	 211	  76	  77
       4	   4	 200	 149	 180	  70	  20	  17	 209	 211	  76	  76
       4	   4	 200	 149	 180	  69	  21	  18	 210	 211	  76	  75
       4	   4	 194	 146	 182	  70	  21	  17	 209	 211	  76	  77
       4	   4	 206	 147	 184	  67	  21	  18	 210	 211	  76	  77
       4	   4	 195	 146	 182	  69	  21	  18	 209	 211	  75	  75
       4	   4	 195	 145	 183	  68	  21	  18	 210	 211	  76	  75
       4	   4	 201	 146	 183	  68	  21	  17	 209	 211	  75	  77
       4	   4	 199	 145	 184	  67	  21	  18	 210	 211	  76	  75
       4	   4	 200	 145	 185	  68	  21	  17	 209	 211	  75	  76
       4	   4	 194	 147	 182	  68	  21	  18	 209	 211	  77	  77
       4	   4	 194	 150	 181	  65	  21	  18	 209	 211	  76	  76
       4	   4	 201	 150	 182	  64	  21	  18	 209	 211	  77	  78
       4	   4	 198	 146	 183	  69	  21	  18	 209	 211	  77	  77
       4	   4	 200	 149	 180	  70	  20	  17	 209	 211	  76	  77
       4	   4	 200	 149	 180	  69	  21	  18	 209	 211	  76	  75
       4	   4	 195	 145	 183	  69	  21	  17	 209	 211	  76	  77
       4	   4	 210	 148	 184	  67	  21	  17	 209	 211	  75	  76
       4	   4	 199	 145	 183	  69	  21	  17	 209	 211	  75	  76
       4	   4	 196	 144	 183	  69	  21	  18	 209	 211	  75	  75
       4	   4	 196	 145	 182	  70	  20	  17	 209	 211	  75	  77
       4	   4	 195	 146	 182	  69	  21	  18	 209	 211	  76	  75
       4	   4	 210	 148	 184	  67	  21	  17	 209	 211	  75	  77
       4	   4	 191	 148	 180	  69	  20	  18	 209	 211	  76	  76
       4	   4	 185	 150	 179	  65	  20	  18	 208	 211	  76	  75
       4	   4	 196	 149	 182	  66	  21	  17	 208	 211	  77	  77
       4	   4	 197	 146	 183	  68	  21	  18	 209	 211	  77	  77
       4	   4	 198	 147	 181	  69	  21	  18	 209	 211	  76	  77
       4	   4	 197	 147	 182	  68	  21	  18	 210	 211	  77	  75
       4	   4	 196	 145	 184	  69	  21	  17	 209	 211	  76	  77
       4	   4	 211	 148	 183	  67	  21	  18	 210	 211	  75	  77
       4	   4	 183	 142	 180	  69	  19	  18	 210	 212	  75	  78
       4	   4	 178	 142	 179	  71	  19	  18	 210	 212	  75	  77
       4	   4	 182	 145	 179	  71	  19	  17	 209	 212	  75	  78
       4	   4	 200	 150	 180	  69	  20	  18	 209	 211	  75	  76
       4	   4	 209	 148	 183	  67	  20	  18	 210	 211	  74	  77
       4	   4	 192	 144	 183	  70	  20	  17	 209	 211	  77	  76
       4	   4	 194	 147	 181	  70	  21	  18	 209	 211	  77	  75
       4	   4	 196	 147	 181	  69	  20	  17	 209	 211	  76	  77
       4	   4	 200	 148	 181	  68	  21	  18	 209	 211	  76	  77
       4	   4	 201	 149	 181	  69	  21	  18	 209	 211	  76	  76
       4	   4	 200	 148	 181	  68	  21	  18	 210	 211	  77	  75
       4	   4	 198	 145	 184	  69	  21	  17	 209	 211	  76	  77
       4	   4	 209	 148	 184	  66	  21	  18	 210	 211	  75	  77
       4	   4	 185	 140	 183	  66	  20	  18	 212	 212	  75	  81
       4	   4	 181	 141	 181	  70	  19	  18	 210	 212	  75	  77
       4	   4	 183	 144	 179	  71	  19	  17	 209	 212	  75	  78
       4	   4	 203	 150	 181	  68	  21	  18	 209	 211	  76	  76
       4	   4	 208	 147	 183	  67	  21	  18	 210	 211	  75	  77
       4	   4	 186	 144	 181	  71	  20	  17	 209	 211	  76	  77
       4	   4	 200	 149	 180	  69	  21	  18	 209	 211	  77	  75
       4	   4	 200	 149	 180	  70	  20	  17	 209	 211	  76	  77
       4	   4	 201	 150	 180	  70	  20	  18	 209	 211	  76	  76
       4	   4	 201	 150	 180	  70	  20	  17	 209	 211	  76	  76
       4	   4	 200	 149	 181	  69	  21	  18	 209	 211	  77	  75
       4	   4	 198	 145	 183	  69	  21	  17	 209	 211	  76	  77
       4	   4	 210	 148	 184	  66	  21	  18	 210	 211	  75	  77
       4	   4	 177	 140	 181	  66	  20	  18	 209	 211	  75	  78
       4	   4	 177	 138	 183	  67	  20	  18	 209	 211	  75	  77
       4	   4	 183	 143	 181	  69	  19	  17	 209	 212	  75	  78
       4	   4	 202	 150	 181	  68	  21	  18	 209	 211	  76	  76
       4	   4	 209	 148	 183	  67	  21	  18	 210	 211	  75	  77
       4	   4	 185	 143	 181	  71	  20	  17	 209	 211	  76	  76
       4	   4	 201	 150	 180	  69	  21	  18	 209	 211	  76	  76
       4	   4	 201	 150	 180	  70	  20	  17	 209	 211	  76	  77
       4	   4	 201	 150	 180	  70	  20	  18	 209	 211	  77	  76
       4	   4	 201	 150	 180	  70	  20	  18	 209	 211	  76	  76
       4	   4	 198	 148	 181	  69	  21	  18	 209	 211	  77	  75
       4	   4	 197	 145	 184	  70	  21	  17	 209	 211	  76	  77
       4	   4	 208	 147	 184	  67	  21	  18	 210	 211	  75	  77
       4	   4	 177	 142	 179	  71	  19	  17	 209	 212	  75	  78
       4	   4	 175	 142	 179	  71	  19	  18	 210	 212	  75	  76
       4	   4	 182	 145	 179	  72	  19	  17	 209	 212	  74	  77
       4	   4	 201	 150	 181	  69	  20	  17	 209	 211	  75	  77
       4	   4	 207	 147	 183	  67	  20	  18	 210	 211	  74	  77
       4	   4	 188	 145	 181	  71	  20	  17	 209	 211	  76	  76
       4	   4	 201	 150	 180	  69	  21	  18	 209	 211	  76	  76
       4	   4	 201	 150	 180	  70	  20	  17	 209	 211	  76	  77
       4	   4	 201	 150	 180	  70	  20	  18	 209	 211	  77	  76
       4	   4	 201	 150	 180	  70	  20	  17	 209	 211	  76	  76
       4	   4	 198	 148	 181	  69	  21	  18	 210	 211	  77	  74
       4	   4	 202	 146	 184	  69	  21	  17	 209	 211	  76	  78
       4	   4	 203	 146	 183	  67	  21	  18	 210	 211	  75	  76
       4	   4	 176	 142	 179	  71	  19	  17	 210	 212	  75	  77
       4	   4	 175	 142	 179	  71	  19	  18	 210	 212	  75	  76
       4	   4	 182	 145	 179	  71	  19	  17	 209	 212	  74	  78
       4	   4	 203	 150	 181	  68	  21	  17	 209	 211	  75	  76
       4	   4	 203	 146	 183	  68	  20	  18	 210	 211	  75	  77
       4	   4	 185	 143	 181	  72	  20	  17	 209	 211	  76	  76
       4	   4	 201	 150	 180	  70	  21	  18	 209	 211	  76	  76
       4	   4	 200	 150	 180	  70	  20	  17	 209	 211	  76	  77
       4	   4	 201	 150	 180	  69	  20	  18	 209	 211	  77	  76
       4	   4	 201	 150	 180	  70	  20	  17	 209	 211	  76	  76
       4	   4	 200	 149	 181	  69	  21	  18	 209	 211	  77	  75
       4	   4	 198	 144	 184	  69	  21	  17	 209	 211	  76	  77
       4	   4	 208	 147	 184	  67	  21	  18	 210	 211	  75	  77
       4	   4	 178	 143	 180	  71	  19	  17	 209	 212	  75	  77
       4	   4	 175	 142	 179	  71	  19	  18	 209	 212	  75	  76
       4	   4	 181	 144	 179	  72	  19	  17	 209	 212	  74	  78
       4	   4	 198	 149	 180	  69	  20	  18	 208	 211	  75	  76
       4	   4	 206	 147	 183	  67	  20	  18	 210	 211	  74	  77
       4	   4	 183	 143	 181	  72	  20	  17	 209	 211	  76	  76
       4	   4	 201	 150	 180	  69	  21	  18	 209	 211	  77	  76
       4	   4	 200	 149	 180	  70	  20	  17	 209	 211	  76	  76
       4	   4	 201	 150	 180	  70	  20	  18	 209	 211	  76	  76
       4	   4	 201	 150	 180	  70	  20	  17	 209	 211	  76	  76
       4	   4	 200	 149	 181	  69	  21	  18	 210	 211	  77	  75
       4	   4	 202	 147	 183	  69	  21	  17	 209	 211	  76	  77
       4	   4	 210	 149	 183	  67	  21	  18	 210	 211	  75	  76
       4	   4	 186	 145	 179	  70	  19	  18	 209	 212	  75	  76
       4	   4	 185	 145	 179	  70	  20	  18	 209	 212	  75	  75
       4	   4	 188	 146	 179	  71	  20	  17	 209	 212	  75	  77
       4	   4	 199	 149	 180	  69	  20	  17	 208	 211	  75	  76
       4	   4	 205	 146	 184	  67	  21	  18	 210	 211	  74	  77
       4	   4	 185	 143	 181	  71	  20	  17	 209	 211	  76	  77
       4	   4	 201	 150	 180	  69	  21	  18	 209	 211	  77	  76
       4	   4	 201	 150	 180	  70	  20	  17	 209	 211	  76	  76
       4	   4	 201	 150	 180	  69	  20	  18	 209	 211	  77	  76
       4	   4	 201	 150	 180	  70	  20	  17	 209	 211	  76	  76
       4	   4	 200	 149	 181	  69	  21	  18	 210	 211	  77	  75
       4	   4	 198	 147	 182	  70	  21	  17	 209	 211	  76	  77
       4	   4	 218	 152	 183	  67	  21	  18	 210	 210	  75	  76
       4	   4	 203	 151	 180	  69	  20	  17	 209	 212	  76	  76
       4	   4	 201	 150	 180	  69	  21	  18	 210	 212	  76	  75
       4	   4	 199	 149	 180	  70	  20	  17	 209	 211	  75	  77
       4	   4	 196	 149	 180	  70	  20	  18	 208	 211	  75	  76
       4	   4	 207	 146	 185	  66	  21	  18	 209	 211	  75	  77
       4	   4	 185	 143	 181	  71	  20	  17	 209	 211	  76	  77
       4	   4	 202	 150	 180	  69	  21	  18	 209	 211	  76	  76
       4	   4	 202	 150	 180	  70	  20	  17	 209	 211	  76	  76
       4	   4	 201	 150	 180	  69	  20	  18	 209	 211	  76	  76
       4	   4	 201	 150	 180	  70	  20	  17	 209	 211	  76	  76
       4	   4	 200	 149	 181	  69	  21	  18	 210	 211	  77	  75
       4	   4	 199	 147	 182	  69	  21	  17	 209	 211	  76	  77
       4	   4	 218	 152	 183	  67	  21	  18	 210	 210	  75	  76
       4	   4	 202	 150	 180	  69	  20	  17	 209	 212	  76	  76
       4	   4	 201	 150	 180	  69	  21	  18	 209	 212	  76	  75
       4	   4	 199	 149	 180	  70	  20	  17	 209	 212	  75	  77
       4	   4	 197	 149	 180	  70	  20	  18	 208	 211	  75	  76
       4	   4	 207	 146	 185	  66	  21	  18	 210	 211	  75	  77
       4	   4	 186	 142	 182	  70	  20	  17	 210	 211	  76	  77
       4	   4	 199	 149	 181	  69	  21	  18	 209	 211	  76	  76
       4	   4	 202	 150	 180	  70	  20	  17	 209	 211	  76	  77
       4	   4	 201	 150	 180	  69	  20	  18	 210	 211	  77	  76
       4	   4	 201	 150	 180	  70	  20	  17	 209	 211	  76	  76
       4	   4	 201	 150	 181	  69	  21	  18	 210	 211	  76	  75
       4	   4	 195	 146	 182	  69	  21	  17	 209	 211	  76	  77
       4	   4	 218	 152	 183	  67	  21	  17	 210	 210	  75	  77
       4	   4	 205	 150	 180	  69	  20	  17	 210	 212	  75	  76
       4	   4	 201	 150	 180	  69	  21	  18	 210	 211	  76	  75
       4	   4	 201	 150	 180	  69	  20	  17	 210	 212	  75	  77
       4	   4	 199	 149	 181	  69	  20	  18	 209	 211	  75	  76
       4	   4	 211	 150	 183	  67	  21	  18	 209	 211	  75	  77
       4	   4	 182	 141	 182	  71	  20	  17	 209	 211	  76	  77
       4	   4	 198	 148	 180	  70	  21	  17	 209	 211	  77	  75
       4	   4	 202	 150	 180	  70	  20	  17	 209	 211	  76	  76
       4	   4	 201	 150	 180	  69	  20	  18	 209	 211	  76	  76
       4	   4	 201	 150	 180	  70	  20	  17	 209	 211	  76	  76
       4	   4	 201	 150	 180	  69	  21	  18	 209	 211	  76	  75
       4	   4	 195	 146	 182	  69	  21	  17	 209	 211	  76	  77
       4	   4	 216	 151	 183	  67	  21	  17	 209	 210	  75	  76
       4	   4	 202	 149	 180	  69	  20	  17	 209	 212	  75	  76
       4	   4	 194	 148	 180	  70	  20	  18	 209	 212	  76	  74
       4	   4	 194	 148	 179	  71	  20	  17	 209	 212	  75	  77
       4	   4	 195	 148	 180	  70	  20	  18	 208	 211	  75	  75
       4	   4	 210	 150	 182	  67	  21	  17	 209	 211	  75	  76
       5	   5	 222	 152	 184	  66	  21	  18	 210	 210	  76	  76
       5	   5	 224	 155	 183	  68	  20	  17	 210	 210	  75	  77
       5	   5	 225	 158	 183	  69	  20	  17	 211	 211	  75	  76
       5	   5	 222	 152	 184	  66	  21	  18	 210	 210	  75	  76
       5	   5	 224	 155	 183	  68	  20	  17	 210	 210	  75	  77
       5	   5	 225	 158	 183	  69	  20	  17	 211	 210	  75	  77
       5	   5	 222	 152	 184	  66	  21	  18	 210	 210	  75	  76
       5	   5	 225	 155	 183	  68	  20	  17	 210	 210	  75	  77
       5	   5	 225	 158	 183	  69	  20	  17	 211	 210	  75	  77
       5	   5	 223	 152	 184	  66	  21	  18	 210	 210	  75	  76
       5	   5	 224	 154	 183	  68	  20	  17	 210	 210	  75	  77
       5	   5	 225	 156	 183	  68	  20	  17	 210	 210	  75	  77
       5	   5	 222	 152	 184	  66	  21	  18	 210	 210	  75	  76
       5	   5	 224	 152	 184	  67	  21	  18	 210	 210	  75	  76
       5	   5	 224	 152	 184	  66	  21	  18	 210	 210	  75	  76
       5	   5	 223	 152	 184	  66	  21	  18	 210	 210	  75	  76
       5	   5	 224	 152	 184	  66	  21	  18	 210	 210	  75	  76
       5	   5	 224	 152	 184	  66	  21	  18	 210	 210	  75	  76
       5	   5	 223	 152	 184	  66	  21	  18	 210	 210	  75	  76
       5	   5	 224	 153	 184	  67	  21	  17	 210	 210	  75	  76
       5	   5	 224	 153	 184	  67	  21	  18	 210	 210	  75	  76
       5	   5	 223	 153	 184	  66	  21	  18	 210	 210	  75	  76
       5	   5	 225	 155	 183	  68	  20	  17	 210	 210	  75	  77
       5	   5	 226	 157	 183	  68	  20	  17	 211	 210	  75	  77
       5	   5	 222	 152	 184	  66	  21	  18	 210	 210	  75	  76
       5	   5	 225	 154	 183	  67	  20	  17	 210	 210	  75	  77
       5	   5	 226	 157	 183	  68	  20	  17	 210	 210	  75	  77
       5	   5	 223	 152	 184	  66	  21	  18	 210	 210	  75	  76
       5	   5	 225	 155	 183	  68	  20	  17	 210	 210	  75	  77
       5	   5	 226	 157	 183	  68	  20	  17	 211	 210	  75	  77
       5	   5	 223	 152	 184	  66	  21	  18	 210	 210	  75	  76
       5	   5	 225	 155	 183	  67	  20	  17	 210	 210	  75	  77
       5	   5	 226	 157	 183	  68	  20	  17	 211	 210	  75	  77
       5	   5	 223	 153	 184	  66	  21	  18	 210	 210	  75	  76
       5	   5	 225	 155	 183	  68	  20	  17	 210	 210	  75	  77
       5	   5	 226	 157	 183	  68	  20	  17	 210	 210	  75	  77
       5	   5	 222	 152	 184	  66	  21	  18	 210	 210	  75	  77
       5	   5	 225	 155	 183	  67	  20	  17	 210	 210	  75	  77
       5	   5	 226	 157	 183	  68	  20	  17	 211	 210	  75	  77
       5	   5	 224	 153	 184	  66	  21	  18	 210	 210	  75	  76
       5	   5	 225	 156	 183	  68	  20	  17	 210	 210	  75	  77
       5	   5	 226	 157	 183	  68	  20	  17	 211	 210	  75	  77
       5	   5	 224	 153	 184	  66	  21	  18	 210	 210	  75	  76
       5	   5	 225	 156	 183	  68	  20	  17	 210	 210	  75	  77
       5	   5	 226	 157	 183	  68	  20	  17	 211	 210	  75	  77
       5	   5	 224	 153	 184	  66	  21	  18	 210	 210	  75	  76
       5	   5	 226	 156	 183	  68	  20	  17	 210	 210	  75	  77
       5	   5	 226	 157	 183	  68	  20	  17	 211	 210	  75	  77
       5	   5	 224	 153	 184	  66	  21	  18	 210	 210	  75	  76
       5	   5	 226	 157	 183	  68	  20	  17	 210	 210	  75	  77
       5	   5	 226	 158	 183	  68	  20	  17	 211	 210	  75	  77
       5	   5	 225	 153	 184	  66	  21	  18	 210	 210	  75	  76
       5	   5	 225	 155	 183	  68	  20	  17	 210	 210	  75	  77
       5	   5	 224	 155	 184	  68	  21	  17	 210	 210	  75	  76
       5	   5	 226	 154	 183	  66	  21	  17	 210	 210	  75	  77
       5	   5	 226	 154	 183	  66	  21	  17	 210	 210	  75	  77
       5	   5	 225	 154	 183	  66	  21	  17	 210	 210	  75	  76
       5	   5	 226	 154	 183	  66	  21	  17	 210	 210	  75	  76
       5	   5	 226	 154	 183	  66	  21	  17	 210	 210	  75	  77
       5	   5	 226	 154	 183	  66	  21	  17	 210	 210	  75	  76
       5	   5	 226	 154	 183	  66	  21	  17	 210	 210	  75	  76
       5	   5	 226	 154	 183	  66	  21	  17	 210	 210	  75	  77
       5	   5	 226	 154	 183	  66	  21	  17	 210	 210	  75	  77
       5	   5	 226	 155	 183	  66	  21	  17	 210	 210	  75	  76
       5	   5	 226	 154	 183	  66	  21	  17	 210	 210	  75	  76
       5	   5	 226	 154	 183	  66	  21	  17	 210	 210	  75	  76
       5	   5	 227	 155	 182	  66	  21	  17	 210	 210	  75	  76
       5	   5	 227	 155	 182	  66	  20	  17	 210	 210	  75	  76
       5	   5	 226	 154	 183	  66	  21	  17	 210	 210	  75	  77
       5	   5	 227	 155	 183	  66	  21	  17	 210	 210	  75	  77
       5	   5	 227	 155	 182	  66	  20	  17	 210	 210	  75	  77
       5	   5	 225	 153	 183	  66	  21	  17	 210	 210	  75	  76
       5	   5	 226	 154	 183	  66	  21	  17	 210	 210	  75	  76
       5	   5	 227	 155	 182	  66	  21	  17	 210	 210	  75	  76
       5	   5	 222	 152	 183	  66	  21	  18	 210	 210	  75	  77
       5	   5	 226	 154	 183	  66	  21	  17	 210	 210	  75	  76
       5	   5	 227	 155	 182	  66	  20	  17	 209	 210	  75	  76
       5	   5	 221	 152	 183	  66	  21	  18	 210	 210	  75	  77
       5	   5	 226	 154	 183	  66	  21	  17	 210	 210	  75	  77
       5	   5	 227	 155	 182	  66	  21	  17	 210	 210	  75	  76
       5	   5	 220	 152	 183	  66	  21	  18	 210	 210	  75	  76
       5	   5	 226	 154	 183	  66	  21	  17	 210	 210	  75	  76
       5	   5	 227	 154	 183	  66	  21	  17	 209	 210	  75	  76
       5	   5	 217	 149	 186	  66	  21	  18	 209	 209	  75	  76
       5	   5	 226	 154	 183	  66	  21	  17	 210	 210	  75	  76
       5	   5	 226	 154	 183	  66	  21	  17	 209	 210	  75	  75
       5	   5	 211	 146	 186	  67	  21	  17	 208	 209	  75	  76
       5	   5	 226	 154	 183	  66	  21	  17	 210	 210	  75	  76
       5	   5	 227	 155	 182	  66	  21	  17	 210	 210	  75	  77
       5	   5	 226	 154	 183	  66	  21	  17	 210	 210	  75	  76
       5	   5	 226	 154	 183	  66	  21	  17	 209	 210	  75	  77
       5	   5	 226	 154	 183	  66	  21	  17	 210	 210	  75	  77
       5	   5	 224	 152	 185	  65	  21	  18	 210	 210	  75	  77
       5	   5	 227	 155	 182	  66	  21	  17	 210	 210	  75	  76
       5	   5	 227	 155	 182	  66	  21	  17	 210	 210	  75	  77
       5	   5	 226	 154	 183	  66	  21	  17	 210	 210	  75	  77
       5	   5	 226	 154	 183	  66	  21	  17	 210	 210	  75	  77
       5	   5	 226	 154	 183	  66	  21	  17	 210	 210	  75	  77
       5	   5	 225	 153	 184	  66	  21	  18	 210	 210	  75	  77
       5	   5	 225	 153	 183	  66	  21	  17	 210	 210	  75	  77
       5	   5	 225	 156	 183	  68	  20	  17	 211	 210	  75	  77
       5	   5	 225	 156	 183	  68	  20	  17	 211	 210	  75	  77
       5	   5	 225	 153	 183	  66	  21	  18	 210	 210	  75	  76
       5	   5	 226	 157	 183	  68	  20	  17	 211	 210	  75	  77
       5	   5	 225	 157	 183	  68	  20	  17	 211	 210	  75	  77
       5	   5	 224	 153	 183	  66	  21	  18	 210	 210	  75	  76
       5	   5	 225	 155	 183	  68	  20	  17	 210	 210	  75	  77
       5	   5	 226	 157	 183	  68	  20	  17	 211	 210	  75	  77
       5	   5	 224	 153	 183	  66	  21	  18	 210	 210	  75	  76
       5	   5	 225	 156	 183	  68	  20	  17	 210	 210	  75	  76
       5	   5	 226	 157	 183	  68	  20	  17	 211	 210	  75	  77
       5	   5	 224	 153	 183	  66	  21	  17	 210	 210	  75	  76
       5	   5	 225	 155	 183	  68	  20	  17	 210	 210	  75	  77
       5	   5	 226	 157	 183	  68	  20	  17	 211	 210	  75	  77
       5	   5	 224	 153	 183	  66	  21	  18	 210	 210	  75	  76
       5	   5	 225	 155	 183	  67	  20	  17	 210	 210	  75	  77
       5	   5	 226	 157	 183	  68	  20	  17	 211	 210	  75	  77
       5	   5	 223	 153	 184	  66	  21	  18	 210	 210	  75	  76
       5	   5	 225	 155	 183	  67	  20	  17	 210	 210	  75	  77
       5	   5	 226	 156	 183	  68	  20	  17	 211	 210	  75	  77
       5	   5	 223	 153	 184	  66	  21	  18	 210	 210	  75	  76
       5	   5	 225	 154	 183	  67	  20	  17	 210	 210	  75	  77
       5	   5	 226	 156	 183	  68	  20	  17	 210	 210	  75	  77
       6	   6	 205	 187	 186	  70	  20	  17	 206	 212	  77	  79
       6	   6	 195	 200	 189	  72	  20	  18	 207	 212	  77	  76
       6	   6	 197	 198	 188	  71	  20	  18	 207	 213	  76	  80
       6	   6	 197	 197	 188	  71	  20	  18	 208	 212	  77	  78
       6	   6	 198	 194	 187	  70	  20	  18	 208	 212	  76	  80
       6	   6	 201	 191	 187	  69	  20	  18	 206	 212	  77	  78
       6	   6	 198	 196	 188	  71	  20	  17	 205	 213	  77	  80
       6	   6	 198	 196	 188	  71	  20	  18	 205	 213	  77	  78
       6	   6	 206	 186	 186	  70	  20	  17	 204	 213	  77	  80
       6	   6	 206	 186	 187	  70	  20	  17	 205	 213	  77	  79
       6	   6	 211	 181	 185	  69	  20	  17	 204	 213	  77	  81
       6	   6	 207	 185	 186	  69	  20	  17	 206	 212	  77	  79
       6	   6	 199	 196	 188	  70	  20	  17	 205	 213	  75	  79
       6	   6	 200	 194	 188	  70	  20	  17	 205	 212	  76	  76
       6	   6	 199	 196	 188	  72	  20	  17	 205	 213	  76	  80
       6	   6	 202	 192	 188	  70	  20	  17	 205	 213	  77	  78
       6	   6	 199	 195	 188	  71	  20	  17	 205	 213	  76	  80
       6	   6	 197	 195	 188	  71	  20	  18	 206	 212	  77	  78
       6	   6	 201	 191	 187	  71	  20	  17	 206	 213	  77	  81
       6	   6	 197	 197	 188	  71	  20	  18	 207	 212	  77	  77
       6	   6	 199	 195	 188	  71	  20	  18	 207	 212	  77	  76
       6	   6	 197	 196	 188	  72	  20	  17	 208	 212	  76	  80
       6	   6	 199	 193	 188	  71	  20	  18	 208	 212	  77	  78
       6	   6	 201	 192	 187	  71	  20	  17	 208	 212	  76	  80
       6	   6	 199	 194	 188	  71	  20	  18	 207	 212	  77	  78
       6	   6	 203	 189	 187	  70	  20	  17	 205	 213	  77	  81
       6	   6	 204	 188	 187	  70	  20	  17	 205	 212	  77	  79
       6	   6	 205	 187	 186	  70	  20	  17	 205	 212	  77	  80
       6	   6	 209	 183	 186	  69	  20	  17	 204	 213	  78	  79
       6	   6	 214	 177	 185	  69	  20	  17	 204	 213	  78	  80
       6	   6	 202	 191	 188	  70	  20	  18	 206	 213	  77	  79
       6	   6	 198	 197	 189	  71	  20	  17	 204	 214	  76	  79
       6	   6	 201	 193	 188	  70	  20	  17	 205	 213	  77	  77
       6	   6	 200	 195	 188	  71	  20	  17	 205	 213	  76	  80
       6	   6	 202	 191	 187	  70	  20	  17	 205	 212	  77	  79
       6	   6	 201	 192	 187	  71	  20	  17	 205	 213	  77	  80
       6	   6	 200	 192	 188	  71	  20	  18	 205	 212	  77	  79
       6	   6	 202	 190	 187	  71	  20	  17	 206	 212	  77	  82
       6	   6	 199	 195	 187	  70	  20	  18	 207	 213	  77	  77
       6	   6	 201	 192	 187	  70	  20	  18	 208	 211	  77	  76
       6	   6	 198	 196	 188	  72	  20	  17	 208	 212	  76	  80
       6	   6	 200	 192	 187	  71	  20	  18	 208	 212	  77	  78
       6	   6	 202	 190	 187	  71	  20	  17	 208	 212	  76	  80
       6	   6	 203	 189	 187	  71	  20	  18	 207	 212	  77	  79
       6	   6	 214	 177	 185	  69	  20	  17	 205	 212	  77	  81
       6	   6	 210	 180	 186	  69	  20	  17	 205	 212	  77	  80
       6	   6	 214	 176	 185	  69	  20	  17	 205	 213	  77	  80
       6	   6	 217	 172	 184	  68	  20	  17	 205	 212	  78	  79
       6	   6	 202	 191	 187	  71	  20	  17	 207	 213	  77	  79
       6	   6	 200	 193	 188	  71	  20	  18	 206	 213	  78	  78
       6	   6	 205	 188	 187	  70	  20	  17	 204	 214	  77	  80
       6	   6	 206	 186	 187	  70	  20	  17	 205	 212	  76	  77
       6	   6	 203	 190	 187	  71	  20	  17	 206	 212	  76	  81
       6	   6	 206	 185	 186	  70	  20	  17	 205	 212	  77	  79
       6	   6	 203	 189	 187	  71	  20	  17	 205	 212	  77	  80
       6	   6	 204	 188	 187	  70	  20	  17	 205	 212	  78	  79
       6	   6	 202	 189	 187	  71	  20	  17	 207	 212	  77	  81
       6	   6	 200	 195	 187	  69	  20	  18	 204	 214	  78	  77
       6	   6	 201	 192	 187	  70	  20	  18	 206	 213	  77	  76
       6	   6	 202	 192	 187	  71	  20	  17	 208	 212	  76	  80
       6	   6	 203	 189	 187	  70	  20	  17	 207	 212	  77	  79
       6	   6	 207	 185	 186	  70	  20	  17	 206	 213	  77	  81
       6	   6	 211	 180	 186	  69	  20	  17	 206	 213	  78	  79
       6	   6	 218	 172	 184	  68	  20	  17	 205	 213	  78	  80
       6	   6	 218	 171	 184	  68	  20	  17	 205	 212	  78	  79
       6	   6	 218	 171	 183	  67	  20	  17	 205	 211	  77	  80
       6	   6	 216	 173	 184	  67	  20	  17	 206	 211	  77	  79
       6	   6	 199	 196	 188	  71	  20	  17	 206	 213	  77	  79
       6	   6	 202	 193	 188	  71	  20	  18	 205	 214	  78	  79
       6	   6	 209	 184	 186	  70	  20	  17	 205	 213	  77	  80
       6	   6	 211	 181	 186	  68	  20	  17	 205	 213	  77	  78
       6	   6	 213	 178	 185	  69	  20	  17	 206	 212	  77	  80
       6	   6	 213	 178	 185	  68	  20	  17	 206	 212	  77	  79
       6	   6	 204	 188	 187	  70	  20	  17	 205	 213	  77	  80
       6	   6	 204	 187	 187	  69	  20	  17	 204	 213	  77	  80
       6	   6	 204	 188	 187	  70	  20	  17	 206	 213	  77	  81
       6	   6	 207	 186	 186	  68	  20	  17	 203	 214	  78	  79
       6	   6	 218	 172	 184	  67	  20	  17	 204	 213	  78	  79
       6	   6	 215	 175	 184	  69	  20	  17	 206	 212	  77	  80
       6	   6	 210	 181	 185	  69	  20	  17	 206	 212	  77	  79
       6	   6	 218	 172	 184	  68	  20	  17	 206	 212	  77	  80
       6	   6	 218	 172	 184	  69	  20	  17	 206	 213	  78	  80
       6	   6	 217	 173	 184	  69	  20	  17	 205	 212	  78	  80
       6	   6	 215	 175	 184	  68	  20	  17	 206	 211	  78	  79
       6	   6	 204	 187	 185	  68	  20	  17	 207	 210	  76	  78
       6	   6	 200	 194	 187	  69	  20	  17	 207	 212	  76	  77
       6	   6	 192	 206	 190	  74	  20	  17	 205	 214	  78	  79
       6	   6	 197	 199	 190	  73	  20	  18	 204	 214	  79	  79
       6	   6	 203	 192	 188	  72	  20	  17	 204	 214	  78	  80
       6	   6	 203	 191	 187	  71	  20	  17	 207	 212	  77	  77
       6	   6	 197	 199	 189	  72	  20	  17	 207	 213	  77	  79
       6	   6	 199	 195	 188	  70	  20	  18	 207	 213	  77	  76
       6	   6	 205	 189	 187	  70	  20	  17	 204	 214	  77	  80
       6	   6	 203	 189	 187	  70	  20	  18	 207	 213	  77	  78
       6	   6	 199	 195	 188	  72	  20	  18	 207	 213	  77	  80
       6	   6	 216	 175	 184	  68	  20	  17	 205	 213	  78	  79
       6	   6	 218	 172	 184	  68	  20	  17	 206	 212	  78	  78
       6	   6	 222	 166	 183	  67	  20	  17	 207	 211	  76	  79
       6	   6	 221	 168	 183	  67	  20	  17	 207	 211	  76	  79
       6	   6	 215	 176	 184	  69	  20	  17	 208	 212	  77	  79
       6	   6	 212	 178	 185	  69	  20	  17	 208	 211	  77	  79
       6	   6	 206	 184	 185	  69	  20	  17	 209	 210	  76	  79
       6	   6	 202	 188	 185	  68	  20	  17	 209	 209	  76	  77
       6	   6	 204	 188	 185	  68	  20	  17	 206	 211	  76	  78
       6	   6	 194	 203	 189	  71	  21	  18	 206	 213	  77	  76
       6	   6	 194	 203	 190	  74	  20	  17	 205	 214	  78	  80
       6	   6	 201	 193	 189	  72	  20	  17	 204	 214	  79	  80
       6	   6	 207	 186	 187	  71	  20	  17	 203	 214	  78	  81
       6	   6	 200	 194	 188	  72	  20	  17	 206	 213	  78	  76
       6	   6	 202	 192	 188	  72	  20	  17	 205	 214	  77	  81
       6	   6	 201	 193	 188	  72	  20	  18	 205	 213	  78	  78
       6	   6	 213	 178	 185	  69	  20	  17	 205	 213	  77	  80
       6	   6	 212	 179	 185	  69	  20	  17	 207	 212	  77	  79
       6	   6	 209	 182	 185	  69	  20	  17	 207	 212	  76	  80
       6	   6	 204	 189	 186	  69	  20	  18	 208	 212	  77	  76
       6	   6	 212	 180	 186	  69	  20	  17	 206	 213	  78	  77
       6	   6	 214	 176	 184	  68	  20	  17	 206	 213	  77	  80
       6	   6	 205	 186	 186	  68	  20	  17	 208	 212	  76	  78
       6	   6	 195	 199	 187	  68	  20	  18	 210	 211	  75	  78
       6	   6	 197	 195	 186	  68	  20	  17	 209	 209	  76	  76
       6	   6	 202	 189	 185	  68	  20	  17	 208	 209	  76	  79
       6	   6	 203	 187	 185	  67	  20	  17	 208	 210	  76	  77
       6	   6	 202	 191	 186	  69	  20	  17	 206	 211	  77	  79
       6	   6	 192	 205	 190	  72	  21	  18	 203	 215	  79	  77
       6	   6	 196	 202	 190	  72	  20	  17	 203	 215	  78	  80
       6	   6	 198	 199	 189	  71	  21	  18	 204	 214	  78	  79
       6	   6	 195	 201	 189	  71	  20	  18	 205	 214	  76	  78
       6	   6	 196	 199	 189	  70	  20	  18	 205	 213	  77	  75
       6	   6	 198	 197	 188	  71	  20	  18	 205	 214	  76	  80
       6	   6	 206	 186	 187	  69	  20	  18	 205	 213	  77	  78
       6	   6	 209	 183	 186	  70	  20	  17	 208	 213	  77	  79
       6	   6	 199	 196	 188	  71	  20	  18	 209	 213	  77	  77
       6	   6	 195	 199	 188	  71	  20	  18	 212	 211	  75	  78
       6	   6	 213	 178	 185	  69	  20	  17	 207	 212	  77	  78
       6	   6	 216	 174	 185	  69	  20	  17	 206	 213	  78	  79
       6	   6	 209	 182	 186	  70	  20	  17	 206	 213	  77	  81
       6	   6	 197	 196	 188	  69	  20	  18	 205	 214	  77	  78
       6	   6	 201	 193	 187	  69	  20	  18	 206	 213	  76	  80
       6	   6	 200	 192	 186	  69	  20	  17	 208	 210	  76	  78
       6	   6	 203	 188	 185	  68	  20	  17	 208	 210	  75	  79
       6	   6	 205	 186	 186	  68	  20	  17	 207	 210	  76	  78
       6	   6	 201	 193	 187	  70	  20	  17	 206	 212	  77	  79
       6	   6	 191	 206	 191	  74	  21	  18	 204	 215	  80	  77
       6	   6	 195	 202	 190	  72	  20	  17	 203	 215	  78	  79
       6	   6	 192	 204	 190	  71	  21	  18	 205	 214	  77	  77
       6	   6	 193	 204	 189	  71	  20	  18	 205	 214	  76	  78
       6	   6	 198	 196	 188	  70	  20	  18	 206	 213	  77	  76
       6	   6	 199	 194	 188	  71	  20	  17	 207	 213	  76	  79
       6	   6	 207	 185	 187	  70	  20	  18	 206	 213	  77	  78
       6	   6	 202	 192	 187	  71	  20	  17	 208	 213	  76	  79
       6	   6	 198	 198	 189	  73	  20	  18	 207	 214	  77	  78
       6	   6	 201	 193	 188	  72	  20	  17	 208	 213	  77	  80
       6	   6	 212	 179	 185	  69	  20	  17	 208	 212	  77	  78
       6	   6	 215	 174	 184	  68	  20	  17	 206	 212	  77	  78
       6	   6	 201	 191	 187	  70	  20	  17	 204	 214	  76	  81
       6	   6	 203	 189	 187	  69	  20	  18	 203	 214	  77	  80
       6	   6	 210	 181	 185	  68	  20	  17	 204	 214	  77	  82
       6	   6	 213	 176	 185	  68	  20	  17	 206	 212	  77	  80
       6	   6	 204	 187	 185	  69	  20	  17	 208	 210	  76	  80
       6	   6	 205	 185	 185	  67	  20	  17	 207	 211	  76	  79
       6	   6	 205	 188	 186	  69	  20	  17	 205	 213	  77	  80
       6	   6	 196	 199	 189	  71	  21	  18	 205	 214	  78	  77
       6	   6	 193	 204	 189	  71	  20	  18	 204	 214	  77	  80
       6	   6	 196	 200	 189	  71	  20	  18	 205	 214	  77	  78
       6	   6	 198	 197	 189	  71	  20	  18	 205	 214	  76	  79
       6	   6	 197	 198	 189	  70	  20	  18	 205	 213	  77	  76
       6	   6	 198	 196	 188	  71	  20	  18	 206	 214	  76	  80
       6	   6	 204	 188	 187	  70	  20	  18	 206	 213	  77	  78
       6	   6	 207	 185	 186	  70	  20	  17	 206	 213	  77	  80
       6	   6	 201	 193	 188	  72	  20	  18	 207	 213	  78	  79
       6	   6	 207	 186	 187	  71	  20	  17	 205	 213	  78	  82