1	1	189	158	61	72	164	104	107	120	118	220
1	1	183	154	58	71	166	139	75	121	118	222
1	1	179	149	55	60	151	123	108	118	143	228
1	1	180	147	57	67	154	118	59	124	116	222
1	1	174	142	53	65	157	183	142	122	135	227
1	1	173	144	51	58	152	126	106	118	121	222
1	1	182	153	54	63	144	127	129	105	94	220
1	1	183	159	54	53	136	134	101	114	126	221
1	1	187	167	59	60	145	123	88	111	119	220
1	1	188	171	58	51	124	136	126	104	137	228
1	1	190	171	59	61	142	152	116	105	128	223
1	1	186	161	53	62	148	114	117	107	101	225
1	1	173	137	37	55	171	90	154	116	135	225
1	1	165	117	30	57	165	124	122	125	159	228
1	1	159	96	32	47	162	74	107	136	104	219
1	1	186	155	57	61	155	55	141	113	124	222
1	1	180	150	53	61	149	90	89	128	118	220
1	1	180	149	54	60	146	127	138	118	101	221
1	1	182	151	56	60	154	59	135	112	95	220
1	1	177	148	54	58	148	124	140	121	145	232
1	1	177	153	54	60	151	126	108	117	141	230
1	1	186	164	59	61	145	118	147	108	130	230
1	1	186	167	58	51	138	130	110	115	133	228
1	1	189	171	61	59	140	121	64	117	119	227
1	1	188	170	57	57	132	127	114	113	125	231
1	1	191	172	60	59	140	128	87	119	123	233
1	1	193	173	62	66	148	113	104	117	108	226
1	1	185	159	53	67	167	171	133	116	104	220
1	1	172	135	41	62	169	117	85	132	84	222
1	1	156	108	37	58	174	129	146	123	94	220
1	1	182	155	56	61	163	116	98	122	123	217
1	1	181	151	53	62	163	117	148	116	152	227
1	1	185	155	56	68	161	148	126	121	124	222
1	1	187	158	58	70	163	142	128	117	101	218
1	1	180	153	54	63	160	87	115	122	96	218
1	1	176	152	49	60	163	123	115	119	88	208
1	1	181	159	52	60	148	125	87	125	150	231
1	1	184	163	52	53	144	103	104	118	122	223
1	1	185	166	53	57	144	127	114	116	128	224
1	1	184	164	53	54	144	160	114	117	127	226
1	1	186	165	55	55	145	97	132	106	151	226
1	1	188	165	58	62	151	53	96	127	137	222
1	1	184	158	52	57	158	87	118	117	108	220
1	1	174	144	44	52	149	124	102	118	92	219
1	1	156	118	38	56	171	124	131	135	152	226
1	1	178	148	50	54	147	101	131	125	117	220
1	1	181	148	53	58	157	64	111	126	114	222
1	1	189	159	59	66	157	120	122	117	164	228
1	1	192	162	61	68	168	142	136	114	115	221
1	1	185	154	57	69	169	141	135	125	117	223
1	1	176	146	49	60	159	125	116	132	142	226
1	1	178	148	49	63	167	126	109	121	145	225
1	1	182	155	50	62	160	154	116	118	138	224
1	1	183	160	51	66	168	149	121	119	125	227
1	1	183	163	51	64	162	124	90	126	131	228
1	1	185	166	54	63	156	181	122	111	139	233
1	1	186	162	56	67	166	173	108	122	154	227
1	1	181	151	52	60	174	115	121	115	155	225
1	1	174	137	45	58	155	98	128	125	82	210
1	1	169	117	42	56	178	121	129	119	134	222
1	1	181	152	52	56	152	97	106	128	96	224
1	1	182	153	54	57	153	64	110	128	157	233
1	1	185	162	57	59	152	125	113	111	127	222
1	1	186	165	58	57	140	96	139	115	134	227
1	1	185	159	56	60	150	61	140	118	154	230
1	1	180	150	50	59	159	94	83	127	112	219
1	1	178	142	45	54	172	98	109	131	85	210
1	1	179	144	44	59	169	127	113	129	141	226
1	1	179	151	43	55	159	98	129	115	107	226
1	1	180	157	45	60	157	127	135	118	130	225
1	1	180	157	45	56	149	100	129	118	121	225
1	1	179	149	44	59	165	157	110	116	113	228
1	1	174	136	42	51	154	101	150	123	118	224
1	1	168	118	37	51	167	103	113	123	128	226
1	1	164	103	36	56	178	133	94	140	104	221
1	1	179	147	47	64	164	99	133	132	145	232
1	1	180	150	51	62	169	153	116	121	126	229
1	1	182	155	54	61	154	127	112	120	96	212
1	1	185	158	56	64	166	147	125	112	115	224
1	1	185	155	56	61	163	150	124	116	128	225
1	1	184	153	53	63	164	154	114	118	127	219
1	1	180	149	48	64	170	148	94	123	134	221
1	1	174	140	41	57	175	123	161	116	129	224
1	1	175	139	40	59	168	65	97	125	128	224
1	1	176	141	39	57	172	153	109	119	134	227
1	1	176	137	38	65	179	115	140	120	122	225
1	1	170	124	36	60	182	122	135	130	120	226
1	1	165	112	38	57	178	130	124	132	123	222
1	1	161	105	38	55	165	130	175	125	123	225
1	1	162	104	37	55	176	102	119	142	121	221
1	1	175	139	43	54	154	105	150	120	118	227
1	1	179	145	47	53	155	99	155	110	138	224
1	1	181	149	49	54	149	69	151	114	125	221
1	1	183	151	50	57	156	97	106	121	95	218
1	1	182	148	49	56	160	96	110	124	130	225
1	1	184	153	53	60	157	122	118	117	129	221
1	1	184	158	54	60	146	94	81	119	110	223
1	1	176	147	45	55	147	67	151	115	138	223
1	1	165	127	35	58	165	131	126	130	144	220
1	1	163	116	33	57	173	162	120	124	110	218
1	1	165	109	34	57	177	129	151	130	131	222
1	1	161	108	37	56	174	162	146	124	129	230
1	1	159	110	39	54	161	135	164	118	134	221
1	1	168	120	41	57	164	105	114	129	147	228
1	1	171	130	44	58	157	99	92	122	95	218
1	1	171	132	42	64	171	128	50	137	101	215
1	1	171	132	42	64	180	123	132	119	109	218
1	1	172	136	42	58	162	100	124	121	102	218
1	1	177	142	47	64	167	119	138	114	120	229
1	1	180	146	50	59	162	123	138	116	142	230
1	1	185	153	54	61	157	152	120	116	95	218
1	1	187	161	56	62	150	149	119	108	108	221
1	1	182	155	51	55	146	131	128	109	99	225
1	1	173	134	44	60	165	120	107	126	140	225
1	1	163	113	34	55	169	97	125	136	106	215
1	1	160	108	36	56	173	129	150	130	120	217
1	1	165	117	38	57	166	73	114	130	78	212
1	1	171	132	41	59	158	162	150	118	136	224
1	1	179	144	47	57	154	129	128	117	120	217
1	1	182	148	49	57	139	100	102	126	63	217
1	1	170	129	35	57	161	68	142	118	93	225
1	1	169	126	33	55	169	106	141	122	86	214
1	1	172	132	35	55	160	107	117	126	106	216
1	1	180	143	47	60	160	61	102	120	135	230
1	1	182	147	48	60	162	95	131	113	137	230
1	1	183	152	50	60	154	95	80	121	126	229
1	1	182	153	49	59	155	155	136	102	135	226
1	1	177	149	47	54	148	130	100	115	176	232
1	1	175	141	45	63	170	119	114	126	136	223
1	1	175	140	45	63	167	89	107	126	128	226
1	1	176	145	45	61	165	117	118	125	111	218
1	1	178	153	47	62	164	120	111	123	105	218
1	1	174	157	48	50	143	133	125	106	136	224
1	1	177	157	51	55	148	165	72	116	166	224
1	1	181	157	52	50	136	106	95	113	141	227
1	1	165	119	30	61	176	99	146	122	88	212
1	1	167	121	31	58	178	101	122	131	132	223
1	1	171	133	34	58	164	136	122	123	120	222
1	1	177	144	44	54	152	68	118	112	111	222
1	1	177	142	42	58	170	99	128	120	116	222
1	1	177	144	43	58	162	94	134	116	156	228
1	1	176	142	41	59	161	129	180	109	124	225
1	1	174	140	41	57	162	101	124	119	157	228
1	1	173	146	44	49	145	112	114	110	120	216
1	1	176	155	47	45	125	145	138	96	89	216
1	1	179	157	50	48	134	77	121	105	129	221
1	1	182	157	52	57	148	130	130	108	127	219
1	1	174	153	49	52	142	103	99	122	133	219
1	1	169	146	44	48	137	80	88	124	162	226
1	1	176	147	46	54	150	106	146	109	118	222
2	3	165	139	51	28	92	151	103	116	132	233
2	3	168	141	52	40	115	166	123	111	138	229
2	3	167	139	50	39	118	172	146	114	140	232
2	3	169	145	53	38	107	137	63	116	106	227
2	3	172	147	51	44	132	155	110	119	83	221
2	3	173	146	53	50	135	179	94	123	125	234
2	3	172	138	51	46	137	186	140	118	121	229
2	3	173	142	49	41	124	162	123	110	105	223
2	3	179	152	55	46	131	117	64	124	80	223
2	3	180	151	54	55	149	200	82	132	127	225
2	3	168	143	50	27	106	177	114	113	111	228
2	3	171	146	51	37	118	164	126	114	111	234
2	3	171	148	51	38	118	164	129	119	125	232
2	3	173	150	52	38	116	131	100	118	98	229
2	3	175	150	53	36	122	125	134	113	143	236
2	3	175	144	51	40	114	131	103	124	108	225
2	3	171	134	46	34	129	142	148	118	96	221
2	3	172	140	47	34	114	141	112	112	102	226
2	3	178	147	50	37	128	131	105	120	112	225
2	3	178	146	50	39	128	126	133	116	166	235
2	3	171	148	51	33	119	138	66	122	173	237
2	3	174	147	52	42	130	126	106	124	133	228
2	3	174	147	53	42	128	124	85	134	127	233
2	3	174	148	52	42	120	97	101	125	147	235
2	3	174	147	52	42	130	186	112	120	100	225
2	3	172	143	50	36	125	167	93	116	119	228
2	3	172	140	49	39	130	194	100	118	129	230
2	3	172	143	47	35	121	138	63	119	117	225
2	3	176	150	49	35	120	164	95	106	163	236
2	3	177	149	51	36	122	158	107	117	150	231
2	3	173	147	51	37	117	164	124	121	110	232
2	3	174	148	49	35	122	99	74	129	116	230
2	3	175	149	51	36	116	100	128	124	151	233
2	3	174	148	50	35	116	163	100	117	115	229
2	3	172	147	48	28	116	105	92	114	131	230
2	3	175	145	48	34	117	134	121	116	72	226
2	3	176	143	48	38	131	128	80	130	94	223
2	3	176	146	48	35	127	97	103	126	160	230
2	3	177	150	50	35	122	162	102	115	122	231
2	3	178	150	50	32	114	132	99	116	115	225
2	3	174	152	53	39	121	160	136	123	143	241
2	3	173	154	51	36	110	134	126	116	131	236
2	3	174	154	52	39	130	220	136	109	158	238
2	3	173	153	50	35	116	133	100	121	150	236
2	3	173	152	50	35	115	194	131	115	119	229
2	3	176	150	51	38	122	165	72	122	142	229
2	3	177	149	52	37	128	130	74	122	146	232
2	3	178	149	51	39	134	156	86	126	115	233
2	3	178	150	50	38	133	123	134	113	135	235
2	3	180	153	51	36	130	123	82	118	149	236
2	3	172	151	50	27	104	144	115	117	141	232
2	3	174	154	52	30	107	135	94	114	144	232
2	3	177	155	52	40	122	128	79	125	115	226
2	3	175	153	49	38	126	160	109	121	150	232
2	3	175	152	51	34	119	131	104	116	100	220
2	3	175	147	48	25	109	177	136	99	98	221
2	3	174	146	49	23	112	117	55	120	124	220
2	3	178	149	53	39	121	157	83	122	119	227
2	3	180	150	52	45	139	180	95	127	100	224
2	3	181	151	51	43	136	121	86	122	119	226
2	3	177	153	55	39	120	156	85	126	122	236
2	3	176	150	52	43	128	151	93	129	131	232
2	3	175	147	50	44	131	181	144	116	109	230
2	3	175	147	49	44	132	152	118	128	119	231
2	3	177	151	51	37	117	127	102	111	100	230
2	3	177	152	52	32	119	133	99	115	116	228
2	3	178	149	50	33	117	133	97	115	73	222
2	3	178	146	50	40	133	155	110	115	75	219
2	3	179	145	49	41	133	120	112	121	121	224
2	3	179	145	49	35	129	62	127	115	96	220
2	3	175	145	51	40	122	128	132	125	127	230
2	3	174	144	51	41	128	121	86	130	136	235
2	3	174	143	49	45	138	151	85	128	94	227
2	3	174	144	49	44	132	124	106	127	118	235
2	3	177	149	52	41	131	89	53	124	104	228
2	3	179	151	53	42	128	148	91	122	146	229
2	3	178	150	52	43	126	154	87	127	86	221
2	3	178	149	52	45	135	180	91	124	122	229
2	3	178	148	51	45	129	119	85	127	77	219
2	3	177	146	52	44	138	177	68	124	127	225
2	3	172	141	49	41	133	125	105	125	108	225
2	3	173	142	48	41	123	156	133	120	83	226
2	3	173	141	47	37	125	99	73	133	119	229
2	3	172	141	47	36	122	130	109	133	117	224
2	3	174	144	48	36	117	129	129	121	112	226
2	3	177	146	48	34	118	102	123	116	86	223
2	3	176	146	48	34	120	164	130	114	95	221
2	3	176	145	49	39	128	157	110	125	137	225
2	3	175	144	47	37	123	128	128	114	141	226
2	3	175	142	46	38	128	158	132	115	167	229
2	3	171	145	52	41	123	94	103	123	129	233
2	3	172	145	52	42	134	245	141	107	119	231
2	3	172	146	50	39	124	127	49	133	127	230
2	3	174	147	51	42	125	152	88	128	76	221
2	3	177	148	51	44	123	150	111	120	89	226
2	3	179	149	51	44	126	152	111	118	130	231
2	3	179	150	53	41	126	149	86	120	126	227
2	3	178	148	51	43	128	118	114	129	90	222
2	3	177	144	48	41	135	146	113	118	169	229
2	3	177	143	46	41	137	115	109	119	97	224
2	3	167	142	48	26	95	121	95	115	94	227
2	3	168	143	47	24	97	116	130	109	125	227
2	3	172	146	49	36	107	132	121	122	117	226
2	3	176	148	51	40	122	62	52	135	118	226
2	3	178	149	51	38	126	63	104	124	108	224
2	3	177	149	50	38	124	154	139	115	73	214
2	3	177	147	49	37	122	125	131	118	81	218
2	3	177	147	50	38	125	89	83	126	118	227
2	3	176	145	49	39	129	91	82	130	112	221
2	3	176	144	48	44	140	179	91	124	105	220
2	3	168	143	50	34	115	170	68	126	89	226
2	3	170	147	52	36	116	162	100	117	71	224
2	3	172	149	52	39	118	126	128	111	79	225
2	3	176	152	54	43	128	149	116	117	99	229
2	3	177	151	52	42	130	151	86	119	105	224
2	3	175	148	50	34	125	129	74	118	88	221
2	3	175	146	49	37	123	159	111	127	139	234
2	3	175	145	50	35	126	127	130	117	147	230
2	3	176	144	49	40	130	123	110	122	105	226
2	3	177	145	51	40	133	146	145	116	147	228
2	3	174	150	52	34	114	127	103	122	124	234
2	3	175	149	52	40	121	93	105	126	150	231
2	3	175	149	54	46	130	115	65	137	153	232
2	3	176	148	51	42	120	93	107	130	140	234
2	3	178	149	52	45	136	150	92	129	141	233
2	3	178	150	52	43	135	146	118	116	99	225
2	3	177	149	52	43	134	179	118	118	133	231
2	3	177	146	52	45	139	206	97	125	125	234
2	3	176	142	49	44	138	147	92	129	121	230
2	3	178	141	49	50	148	204	126	123	124	231
2	3	175	146	54	42	142	139	102	129	145	232
2	3	174	144	50	42	136	113	170	117	119	225
2	3	174	145	51	40	130	114	85	124	75	218
2	3	176	146	51	44	138	141	97	130	86	222
2	3	179	148	52	45	144	143	96	125	110	232
2	3	180	148	53	48	142	170	126	123	110	231
2	3	179	145	51	45	135	111	70	138	113	226
2	3	179	144	50	44	136	112	147	121	125	232
2	3	179	142	49	46	140	143	147	122	164	232
2	3	180	144	50	45	141	108	97	132	148	230
2	3	177	146	58	47	139	137	102	128	134	231
2	3	176	147	56	48	138	102	103	129	139	230
2	3	177	148	56	48	136	132	83	130	121	230
2	3	180	150	58	52	148	159	142	122	134	236
2	3	183	152	62	59	157	118	71	138	126	228
2	3	184	151	62	62	157	149	103	135	109	227
2	3	183	148	59	61	159	151	102	138	143	233
2	3	182	147	58	55	152	127	110	125	127	226
2	3	181	145	57	55	162	186	120	123	111	222
2	3	181	144	55	49	149	99	83	134	126	227
2	3	179	147	62	53	142	144	113	128	124	230
2	3	178	148	61	55	143	109	89	131	125	228
2	3	179	149	60	53	145	141	102	126	109	226
2	3	180	150	59	53	145	143	139	121	142	232
2	3	181	152	61	56	143	142	90	133	112	226
2	3	181	151	60	56	146	154	107	127	116	232
2	3	181	149	59	57	144	141	90	134	118	230
2	3	179	145	56	50	143	131	106	125	129	229
2	3	178	143	54	51	149	146	118	122	130	228
2	3	178	143	53	48	148	120	77	137	130	227
2	3	181	148	67	60	146	152	125	127	113	228
2	3	181	149	66	61	148	117	73	134	110	226
2	3	181	149	64	59	154	150	121	121	96	222
2	3	180	150	61	54	142	127	136	120	150	228
2	3	179	151	59	52	130	165	109	128	98	224
2	3	179	152	59	50	135	159	111	118	123	237
2	3	179	149	59	53	128	131	78	130	92	227
2	3	176	142	54	45	133	135	102	125	131	232
2	3	175	140	52	46	136	107	117	121	148	233
2	3	175	141	51	47	146	142	71	140	133	226
3	5	44	126	67	45	164	116	112	95	110	222
3	5	42	129	69	40	172	150	121	110	120	226
3	5	38	137	62	53	160	121	123	131	133	235
3	5	23	162	53	56	107	107	139	91	140	239
3	5	30	151	59	53	147	113	107	145	126	243
3	5	36	144	60	58	129	118	122	129	128	233
3	5	32	150	59	59	126	112	119	112	121	227
3	5	35	144	58	59	139	152	129	138	95	225
3	5	37	143	58	55	114	58	137	120	131	229
3	5	38	140	60	53	133	119	125	126	95	226
3	5	35	145	58	56	131	87	150	129	106	236
3	5	28	159	54	61	115	143	150	118	95	230
3	5	29	160	50	57	141	114	132	138	122	238
3	5	25	170	46	63	115	105	96	116	83	229
3	5	12	177	48	53	149	134	147	145	106	230
3	5	36	138	59	54	160	115	140	102	133	228
3	5	27	152	65	39	146	104	98	105	89	229
3	5	34	147	57	63	149	150	105	151	110	234
3	5	23	166	58	64	117	193	116	123	134	253
3	5	26	160	60	57	127	133	134	118	98	239
3	5	34	149	59	67	153	105	59	150	129	234
3	5	31	154	59	60	123	84	124	136	62	229
3	5	31	155	61	60	116	107	98	123	101	236
3	5	38	145	62	65	139	109	83	146	106	236
3	5	36	147	61	60	123	113	70	130	117	235
3	5	35	149	61	62	125	109	77	136	104	236
3	5	38	152	52	73	128	142	111	151	81	231
3	5	37	157	55	59	120	134	108	119	84	237
3	5	36	157	44	75	143	80	104	144	104	233
3	5	15	177	48	58	135	131	140	132	75	224
3	5	32	146	56	45	149	86	112	114	112	233
3	5	30	148	57	45	140	115	118	113	91	230
3	5	33	149	56	57	124	60	92	145	87	229
3	5	29	158	55	61	95	84	127	138	84	230
3	5	29	158	54	65	98	139	151	114	116	235
3	5	35	146	55	60	142	90	145	132	115	233
3	5	34	148	57	61	129	110	127	119	120	231
3	5	34	147	57	62	141	175	162	125	98	234
3	5	35	146	59	59	130	173	152	101	70	227
3	5	37	142	59	58	144	120	128	135	117	232
3	5	36	144	63	56	113	146	149	112	124	235
3	5	46	136	61	59	141	89	130	142	103	230
3	5	43	146	52	72	124	145	127	124	119	230
3	5	25	162	54	60	140	167	144	138	119	232
3	5	17	171	55	55	130	106	103	131	92	229
3	5	27	152	59	49	153	139	113	88	132	235
3	5	38	142	66	50	138	139	81	127	113	237
3	5	45	136	63	68	124	146	106	141	131	242
3	5	35	153	60	72	98	172	99	128	100	233
3	5	29	158	60	64	104	134	106	125	81	232
3	5	32	153	57	63	115	109	101	135	77	232
3	5	37	145	59	58	129	111	122	115	125	244
3	5	45	131	58	61	157	143	128	107	116	238
3	5	44	132	58	56	153	153	168	104	105	238
3	5	33	147	56	57	154	115	97	130	118	229
3	5	24	159	61	49	131	108	92	108	129	236
3	5	26	156	60	55	139	142	134	134	121	232
3	5	23	162	57	52	104	83	118	125	122	241
3	5	24	161	58	53	121	174	162	129	116	243
3	5	22	163	55	58	130	168	167	130	100	234
3	5	21	165	49	60	100	112	143	115	125	244
3	5	29	154	60	49	128	112	102	132	117	238
3	5	43	136	59	61	110	123	119	130	73	224
3	5	42	141	63	62	103	150	156	136	109	242
3	5	34	153	56	66	78	89	120	146	102	236
3	5	33	151	63	46	91	57	137	118	78	232
3	5	41	138	53	70	144	91	118	134	119	228
3	5	36	144	57	57	135	84	108	94	147	240
3	5	39	138	55	65	164	111	120	105	113	234
3	5	38	140	58	60	171	176	128	118	127	236
3	5	28	158	57	61	126	139	77	130	142	235
3	5	15	175	53	57	119	73	129	131	122	243
3	5	14	175	54	54	128	132	133	124	82	237
3	5	19	168	54	62	148	134	89	145	112	234
3	5	17	171	58	56	124	164	134	114	95	236
3	5	35	154	50	73	118	87	104	159	77	234
3	5	21	176	53	63	80	160	106	110	59	233
3	5	18	172	47	64	134	102	110	135	83	231
3	5	24	164	58	60	113	138	106	132	83	233
3	5	33	148	61	59	131	118	126	136	109	228
3	5	33	148	61	56	119	113	123	115	103	234
3	5	36	146	56	62	125	117	173	117	142	242
3	5	37	143	59	56	134	141	95	109	119	234
3	5	40	134	59	49	155	121	111	104	76	227
3	5	39	134	59	48	159	88	110	98	120	228
3	5	36	140	53	59	157	119	138	99	119	229
3	5	31	146	58	49	151	119	120	120	111	237
3	5	29	152	59	50	127	110	102	120	103	234
3	5	25	162	52	67	128	116	129	148	125	236
3	5	21	168	62	49	110	163	138	112	97	242
3	5	36	149	63	48	106	84	122	123	111	246
3	5	38	150	56	69	101	149	97	134	95	233
3	5	23	166	48	65	116	139	126	120	137	245
3	5	17	169	54	52	137	111	104	135	122	241
3	5	15	172	52	58	133	137	124	108	84	228
3	5	18	166	58	43	154	130	76	103	114	226
3	5	31	147	59	56	178	141	76	121	116	225
3	5	38	139	65	49	152	108	92	94	131	240
3	5	48	126	61	59	167	119	67	119	113	238
3	5	45	133	59	62	150	144	95	108	73	226
3	5	39	140	53	65	150	108	66	106	119	231
3	5	39	136	59	47	169	115	90	102	85	226
3	5	44	129	62	48	161	115	112	90	125	227
3	5	43	133	63	55	153	146	99	118	123	234
3	5	36	143	59	55	139	124	114	117	96	233
3	5	33	148	61	48	124	112	122	113	90	242
3	5	42	137	57	64	139	93	124	145	116	245
3	5	28	158	57	56	80	54	107	111	72	234
3	5	23	160	54	54	128	116	125	135	117	233
3	5	20	163	54	49	117	53	81	117	130	240
3	5	25	150	57	39	169	83	114	102	127	225
3	5	35	137	61	41	178	117	88	102	153	225
3	5	40	132	62	44	160	92	130	93	124	225
3	5	46	124	62	50	159	124	85	105	139	232
3	5	56	114	65	49	153	65	110	109	96	230
3	5	48	127	54	62	151	157	163	97	138	235
3	5	29	149	56	47	153	114	115	87	75	217
3	5	36	137	60	44	170	152	134	84	103	222
3	5	47	124	61	52	182	151	89	100	127	224
3	5	41	130	62	45	177	120	138	94	113	226
3	5	19	162	59	49	172	166	132	111	118	225
3	5	29	149	61	52	168	142	104	124	134	227
3	5	24	159	53	63	151	140	96	117	116	231
3	5	16	169	53	57	150	108	80	140	119	241
3	5	15	170	54	52	143	107	120	95	115	227
3	5	21	159	53	54	198	171	106	105	126	223
3	5	27	149	62	44	169	141	114	81	88	220
3	5	43	130	66	53	172	146	119	97	101	225
3	5	49	121	67	49	171	124	111	105	89	224
3	5	45	128	66	45	163	117	108	84	99	224
3	5	37	139	56	56	172	83	106	88	128	221
3	5	34	141	57	46	177	51	109	89	123	227
3	5	38	135	56	49	185	114	113	93	136	228
3	5	34	141	52	49	177	83	110	87	124	223
3	5	31	145	54	46	181	109	138	71	112	221
3	5	22	161	57	50	124	150	146	124	150	239
3	5	22	161	52	54	146	120	123	140	123	233
3	5	14	171	47	58	133	108	91	107	127	231
3	5	19	160	52	52	174	114	152	120	112	226
3	5	26	151	55	54	178	118	86	106	78	219
3	5	24	152	53	52	187	110	89	94	117	220
3	5	32	143	62	44	178	113	70	110	126	227
3	5	44	128	62	51	169	151	138	86	129	230
3	5	45	128	64	51	173	175	126	101	133	232
3	5	40	137	64	52	163	137	125	93	135	231
3	5	33	149	57	58	140	85	88	120	171	240
3	5	27	155	57	57	177	162	132	96	111	227
3	5	34	142	58	51	193	163	72	82	140	228
3	5	43	128	61	56	217	143	105	112	148	232
3	5	35	142	58	54	181	129	116	60	117	232
3	5	34	143	61	55	146	152	89	122	106	233
3	5	26	152	59	50	161	82	98	124	129	239
3	5	25	153	55	55	172	148	140	99	111	234
3	5	28	148	55	50	188	146	114	94	65	227
3	5	36	138	54	55	188	117	112	94	127	231
3	5	43	128	61	47	178	147	141	82	111	230
3	5	50	121	59	57	186	150	93	113	140	232
3	5	45	128	57	49	164	140	91	87	129	231
3	5	47	123	55	53	179	90	88	116	131	224
3	5	44	127	58	47	155	121	133	89	83	225
3	5	48	124	63	41	148	71	151	106	110	231
3	5	47	129	63	53	149	123	113	111	85	219
3	5	35	137	56	41	177	86	131	84	143	228
3	5	28	145	52	45	200	57	117	118	98	224
3	5	22	155	52	41	178	128	139	49	118	228
3	5	39	133	65	49	158	126	90	128	122	230
3	5	29	147	59	49	156	150	108	97	133	236
3	5	26	148	54	45	180	91	135	103	131	232
3	5	27	149	56	49	184	139	116	80	146	232
3	5	34	140	61	49	172	112	115	92	107	220
3	5	50	121	73	46	166	181	117	105	100	228
3	5	56	116	63	63	189	123	98	140	155	234
3	5	39	140	66	48	136	105	87	86	111	226
3	5	36	141	61	57	188	174	84	134	124	226
3	5	29	149	59	49	153	129	64	76	137	228
3	5	50	120	71	39	166	116	89	92	108	228
3	5	66	103	69	65	190	168	126	157	116	231
3	5	33	146	59	47	158	97	110	55	147	228
3	5	27	148	55	40	215	163	155	82	78	226
3	5	28	148	47	56	202	72	85	86	134	223
4	7	191	157	67	58	151	158	92	120	148	232
4	7	191	159	65	63	147	187	93	115	145	233
4	7	188	150	59	50	146	205	75	121	161	230
4	7	184	140	56	42	132	155	51	116	146	223
4	7	181	134	54	36	121	133	65	113	110	216
4	7	180	132	54	42	130	160	98	110	108	218
4	7	179	130	55	46	137	182	85	117	164	224
4	7	180	130	56	54	148	173	118	111	123	222
4	7	181	129	56	61	163	195	107	124	159	227
4	7	179	122	49	58	171	192	107	120	152	219
4	7	179	116	43	59	171	139	89	120	175	222
4	7	178	115	41	50	170	143	134	105	211	226
4	7	182	123	45	54	160	140	86	112	90	208
4	7	185	129	50	62	163	127	125	103	126	221
4	7	182	119	50	61	188	182	153	127	107	222
4	7	180	116	46	60	176	164	123	120	128	221
4	7	181	121	53	51	147	112	110	110	123	208
4	7	179	116	51	45	142	127	75	123	153	213
4	7	182	127	51	41	139	163	152	104	183	218
4	7	193	154	64	56	139	100	138	118	103	226
4	7	193	160	66	59	143	120	125	115	139	234
4	7	191	155	63	53	138	100	140	120	125	228
4	7	190	150	62	52	142	137	104	116	127	223
4	7	186	145	61	43	133	175	100	113	112	220
4	7	183	139	57	43	131	149	113	109	129	224
4	7	180	132	55	40	134	123	78	119	137	222
4	7	179	126	53	43	128	100	123	122	145	221
4	7	181	127	55	56	153	140	146	107	97	215
4	7	181	126	54	57	158	132	153	113	145	226
4	7	179	117	47	58	171	165	123	115	93	208
4	7	179	114	42	56	180	137	118	116	171	216
4	7	184	126	51	61	161	130	100	118	142	211
4	7	188	138	56	62	167	159	109	113	95	212
4	7	187	134	60	66	179	107	100	119	121	221
4	7	181	118	52	64	194	147	100	138	130	221
4	7	180	117	52	62	162	136	66	131	152	221
4	7	180	116	54	60	161	137	68	126	170	217
4	7	180	117	51	51	162	185	107	113	160	212
4	7	192	156	64	53	137	103	82	124	99	223
4	7	193	160	66	59	144	154	73	128	102	227
4	7	194	156	66	64	158	116	134	122	122	228
4	7	195	156	68	67	153	146	103	120	126	229
4	7	192	151	67	59	150	90	100	129	127	222
4	7	188	145	59	51	140	139	126	111	126	224
4	7	184	140	56	43	139	151	89	119	106	222
4	7	180	132	53	41	134	188	102	107	128	218
4	7	182	129	53	54	148	146	114	115	94	218
4	7	182	126	51	60	151	102	120	118	83	209
4	7	178	115	43	54	170	108	64	128	104	214
4	7	178	112	42	52	165	84	82	127	102	204
4	7	184	127	49	53	155	113	116	119	110	205
4	7	190	144	58	60	149	131	106	113	144	219
4	7	187	137	56	62	160	127	140	119	115	216
4	7	183	122	50	61	187	123	123	140	99	218
4	7	184	122	49	63	179	123	138	119	123	221
4	7	184	123	54	62	159	100	125	118	115	216
4	7	178	114	52	51	160	119	86	130	182	213
4	7	190	149	60	52	139	108	132	120	101	228
4	7	191	156	63	48	126	135	135	109	134	233
4	7	191	153	62	50	137	104	107	118	126	226
4	7	192	155	64	57	145	103	109	116	147	229
4	7	193	156	69	63	149	178	134	114	78	219
4	7	191	152	64	61	148	94	94	129	141	230
4	7	189	150	62	54	135	169	131	110	150	234
4	7	183	142	57	42	133	213	143	101	126	226
4	7	184	136	55	54	149	173	95	119	104	215
4	7	183	128	53	62	162	126	74	118	114	216
4	7	178	114	44	58	172	108	67	135	177	224
4	7	178	113	43	59	168	140	137	109	145	220
4	7	182	121	45	56	175	170	121	111	138	219
4	7	187	137	55	60	152	132	96	104	146	220
4	7	186	133	54	56	159	137	74	123	165	225
4	7	184	126	51	62	175	94	134	117	146	221
4	7	186	128	52	67	179	149	124	131	139	231
4	7	187	132	57	63	164	89	113	126	123	225
4	7	183	125	54	51	160	140	103	129	139	216
4	7	190	152	62	55	139	105	107	121	134	226
4	7	192	158	63	51	131	140	104	115	111	225
4	7	190	158	63	52	129	139	108	123	136	230
4	7	191	158	63	51	131	108	106	115	96	215
4	7	193	159	66	56	139	159	149	113	143	229
4	7	193	156	64	59	144	125	90	121	126	227
4	7	188	147	61	44	138	111	76	120	100	216
4	7	182	137	54	42	134	156	112	116	109	220
4	7	184	135	53	52	146	146	120	118	102	218
4	7	183	128	51	58	161	161	133	113	137	224
4	7	179	114	46	50	166	114	140	114	116	213
4	7	176	111	44	56	161	119	126	116	140	218
4	7	159	115	46	58	149	90	155	118	118	214
4	7	158	122	49	57	148	121	102	116	161	216
4	7	181	129	52	57	160	145	146	112	125	213
4	7	187	133	55	60	155	128	134	111	135	214
4	7	186	131	54	49	159	176	135	130	201	223
4	7	187	141	56	43	130	120	108	102	98	213
4	7	189	149	57	39	124	154	115	104	81	210
4	7	186	143	58	54	148	137	108	124	94	220
4	7	188	149	61	53	145	136	133	110	131	225
4	7	191	153	67	63	155	153	101	125	115	224
4	7	192	156	69	66	150	120	80	134	112	222
4	7	190	157	69	65	151	151	107	129	172	234
4	7	187	151	63	61	152	126	117	119	158	227
4	7	184	142	57	49	143	86	87	119	178	232
4	7	180	138	54	42	133	190	53	115	119	223
4	7	184	138	56	54	152	172	123	108	153	230
4	7	182	132	55	61	160	130	106	121	125	224
4	7	174	120	51	55	157	177	93	128	139	221
4	7	177	116	52	58	157	148	81	119	108	212
4	7	174	114	46	53	174	115	116	122	166	223
4	7	176	126	47	54	157	89	125	102	123	213
4	7	187	139	55	51	140	144	166	89	97	211
4	7	187	134	55	42	139	120	85	116	154	222
4	7	183	123	51	38	148	162	129	111	152	215
4	7	183	128	51	38	138	131	127	112	141	215
4	7	187	143	53	42	120	127	77	113	130	215
4	7	185	142	58	48	140	174	125	113	115	224
4	7	186	145	58	46	134	146	122	113	138	227
4	7	188	149	61	50	142	108	107	121	116	219
4	7	189	154	62	53	136	108	106	119	105	219
4	7	190	153	64	56	145	193	146	115	141	223
4	7	189	148	63	58	152	160	64	125	110	223
4	7	184	142	57	42	127	126	107	118	118	223
4	7	182	139	57	44	127	127	105	111	138	230
4	7	185	136	58	57	141	109	174	108	155	226
4	7	184	133	58	62	160	161	83	123	122	222
4	7	178	127	54	63	160	136	100	123	115	219
4	7	176	125	53	59	150	109	115	110	159	216
4	7	178	121	49	52	161	154	133	107	141	212
4	7	179	126	49	53	150	155	127	98	157	220
4	7	183	130	55	49	140	181	84	109	161	221
4	7	185	118	52	40	151	153	87	125	155	216
4	7	183	115	50	40	155	156	108	123	166	219
4	7	181	120	46	42	153	152	102	107	132	217
4	7	184	131	48	45	151	185	63	129	153	220
4	7	185	143	59	51	136	176	124	113	127	226
4	7	185	146	60	51	138	174	98	114	109	221
4	7	189	149	62	55	143	136	78	115	143	230
4	7	190	152	63	56	143	134	109	113	90	219
4	7	187	152	63	50	131	140	105	115	135	224
4	7	186	147	62	55	142	166	136	106	154	230
4	7	184	141	58	49	140	182	144	112	130	224
4	7	186	142	61	55	142	173	101	114	108	221
4	7	187	141	62	56	142	136	158	111	157	233
4	7	185	142	60	59	147	72	128	117	158	231
4	7	178	143	57	55	131	140	177	102	154	228
4	7	177	137	56	49	126	118	105	108	144	223
4	7	180	128	50	47	148	125	108	121	136	215
4	7	181	131	53	44	123	98	88	102	136	223
4	7	179	122	49	41	136	108	108	106	154	217
4	7	178	116	48	40	135	137	110	103	130	209
4	7	182	112	47	38	154	161	150	106	112	210
4	7	181	113	42	43	156	126	100	125	156	215
4	7	180	121	42	40	152	95	104	127	137	213
4	7	185	143	59	47	131	116	90	122	124	220
4	7	186	146	58	45	123	59	131	99	130	218
4	7	189	148	63	54	147	166	164	106	141	219
4	7	191	149	63	59	146	134	115	120	162	227
4	7	190	150	65	61	148	159	145	115	108	225
4	7	187	143	64	55	152	131	91	126	134	225
4	7	188	141	63	60	157	133	110	116	142	222
4	7	190	143	66	62	156	160	122	120	144	226
4	7	190	148	65	61	159	157	152	116	141	227
4	7	187	156	66	65	149	189	119	117	110	224
4	7	177	153	61	51	136	172	69	113	131	217
4	7	179	141	58	54	134	116	83	110	135	224
4	7	179	126	53	51	149	155	108	116	174	223
4	7	180	122	56	45	140	162	96	109	142	218
4	7	181	122	55	48	145	157	70	108	154	215
4	7	178	120	53	48	136	100	87	114	128	212
4	7	177	116	45	46	157	132	90	116	136	217
4	7	179	116	43	44	162	121	76	118	117	217
4	7	181	119	41	45	167	155	135	119	129	216
4	7	182	146	60	48	129	85	86	123	145	223
4	7	184	148	61	52	134	85	41	132	152	223
4	7	187	148	63	56	146	133	141	115	145	232
4	7	188	148	62	54	143	170	158	109	143	224
4	7	188	150	65	55	138	103	83	124	166	233
4	7	187	144	63	57	151	165	141	120	86	223
4	7	188	144	65	63	156	192	95	123	120	223
4	7	190	146	65	57	149	134	118	128	128	222
4	7	191	149	64	58	148	131	147	122	116	224
4	7	192	157	64	55	144	133	140	111	132	223
4	7	190	161	62	44	119	86	114	99	129	221
4	7	186	146	60	45	132	149	89	107	114	213
4	7	179	122	51	44	151	159	106	115	155	211
4	7	178	116	52	40	126	114	127	105	120	205
4	7	180	118	53	44	142	140	82	110	154	208
4	7	180	120	51	47	148	95	68	111	162	213
4	7	178	113	46	43	151	162	124	113	122	205
4	7	179	111	44	46	162	154	79	123	92	202
4	7	179	115	44	47	164	148	111	119	121	207
5	9	132	145	21	115	154	122	141	104	127	232
5	9	129	149	17	120	157	123	139	103	107	225
5	9	126	153	10	124	170	89	115	106	104	224
5	9	125	157	7	131	177	112	128	114	113	228
5	9	117	162	4	133	175	81	148	114	113	233
5	9	112	163	8	127	180	111	135	131	103	227
5	9	122	162	5	137	178	140	135	116	72	228
5	9	125	161	5	130	174	109	153	107	93	230
5	9	126	160	6	126	177	143	129	118	125	235
5	9	125	163	8	127	164	115	97	123	82	231
5	9	123	165	9	133	184	138	110	121	102	238
5	9	122	165	9	137	179	171	111	127	99	233
5	9	122	163	10	136	182	137	82	128	120	237
5	9	123	162	10	132	181	141	75	121	85	236
5	9	123	161	9	133	180	141	79	129	86	238
5	9	132	135	23	119	160	142	75	128	75	223
5	9	128	138	24	113	159	148	151	111	136	233
5	9	126	143	22	121	153	152	142	106	101	233
5	9	125	147	17	129	173	143	71	118	125	234
5	9	125	152	13	134	177	136	105	117	138	233
5	9	124	154	11	132	178	105	85	127	55	224
5	9	121	154	10	131	174	109	127	118	154	242
5	9	122	154	11	128	168	142	99	117	130	236
5	9	125	153	12	121	165	143	126	113	119	225
5	9	127	155	12	116	160	118	95	119	123	233
5	9	126	160	11	123	160	116	150	112	123	237
5	9	123	161	14	125	159	144	131	121	127	237
5	9	124	157	14	122	150	123	143	120	119	234
5	9	126	154	13	122	163	117	124	119	116	232
5	9	125	154	10	123	161	118	121	119	96	229
5	9	133	119	23	100	152	85	121	134	110	224
5	9	131	124	24	101	147	58	90	137	107	223
5	9	128	128	22	110	143	122	120	137	98	222
5	9	125	131	17	112	150	94	106	118	125	225
5	9	122	133	13	111	153	124	162	108	137	229
5	9	122	134	15	117	160	146	122	118	108	226
5	9	123	134	15	117	157	112	124	128	114	227
5	9	122	136	14	120	164	176	131	131	115	227
5	9	119	142	13	121	154	118	93	133	111	230
5	9	120	146	12	121	158	145	121	119	141	237
5	9	124	149	10	124	167	138	127	113	95	230
5	9	124	151	13	125	164	169	111	131	112	231
5	9	123	148	12	121	160	145	101	129	116	230
5	9	122	145	12	122	162	114	148	121	135	237
5	9	121	144	10	125	164	118	119	121	113	233
5	9	131	126	23	107	158	119	70	141	124	228
5	9	130	130	27	107	146	113	102	137	95	220
5	9	129	130	24	114	150	116	101	145	143	231
5	9	129	129	18	111	157	115	125	131	123	230
5	9	129	129	12	112	154	149	146	119	111	228
5	9	126	131	14	110	154	121	148	127	97	227
5	9	125	132	16	111	152	119	118	120	138	230
5	9	126	131	13	113	154	148	123	124	125	224
5	9	126	132	9	113	154	91	169	123	92	225
5	9	124	133	9	116	164	181	176	121	94	228
5	9	121	136	10	117	159	115	126	139	121	228
5	9	121	138	8	116	146	92	138	129	72	221
5	9	121	137	10	118	161	143	129	130	88	222
5	9	121	135	9	117	151	90	141	126	121	232
5	9	122	134	10	118	161	150	175	123	126	236
5	9	129	123	22	103	153	95	107	121	127	224
5	9	128	123	23	108	151	153	123	137	145	231
5	9	127	124	23	105	156	116	124	127	160	238
5	9	129	125	20	107	157	118	122	131	130	238
5	9	131	126	16	111	161	84	144	121	115	230
5	9	128	125	18	109	166	85	93	133	132	227
5	9	125	126	19	116	168	145	102	128	119	229
5	9	124	129	17	114	159	122	137	113	148	236
5	9	126	130	18	116	176	173	128	117	117	230
5	9	126	131	16	114	164	111	127	125	138	238
5	9	127	132	17	112	169	118	119	126	141	235
5	9	127	133	14	116	166	150	123	129	132	232
5	9	124	134	12	117	160	149	120	126	103	232
5	9	123	135	14	118	164	115	68	131	105	230
5	9	122	134	11	121	167	117	119	131	142	238
5	9	128	121	18	104	153	90	143	130	79	221
5	9	128	122	20	102	145	90	140	128	117	231
5	9	126	124	20	100	138	93	163	120	85	223
5	9	125	124	22	98	136	31	108	133	111	227
5	9	127	125	18	103	138	63	159	122	107	228
5	9	127	125	16	105	145	92	140	128	148	237
5	9	125	125	17	103	150	92	137	118	83	223
5	9	125	126	19	108	146	92	135	123	97	229
5	9	123	128	19	105	142	68	127	121	91	222
5	9	125	128	18	107	145	93	135	116	102	224
5	9	128	127	15	111	159	120	117	126	82	224
5	9	128	129	11	112	160	119	117	128	91	227
5	9	127	131	12	113	156	58	111	127	132	231
5	9	125	132	12	116	160	88	89	131	107	225
5	9	124	133	10	117	164	124	115	129	89	224
5	9	131	122	16	107	161	83	99	140	154	237
5	9	130	124	18	106	159	111	130	129	159	242
5	9	130	126	18	108	151	146	130	134	127	232
5	9	129	126	19	105	151	113	155	131	123	231
5	9	129	125	19	107	154	81	75	149	129	229
5	9	129	125	17	107	155	113	129	132	124	232
5	9	127	124	19	106	157	143	131	135	129	234
5	9	124	125	21	108	157	114	128	132	158	239
5	9	119	129	22	106	137	96	162	120	126	235
5	9	119	132	22	111	138	125	118	135	130	233
5	9	122	132	16	111	145	126	168	125	119	238
5	9	127	132	11	119	164	119	96	137	143	235
5	9	128	132	8	116	168	182	120	121	81	224
5	9	128	132	8	116	162	95	60	140	99	225
5	9	124	134	7	118	156	126	140	121	138	238
5	9	130	121	11	104	154	93	166	126	127	229
5	9	130	120	14	103	162	147	153	127	144	231
5	9	130	120	15	104	155	115	125	136	125	231
5	9	130	121	15	104	151	87	125	144	123	227
5	9	129	123	17	107	165	111	136	141	130	226
5	9	125	125	17	108	156	146	155	128	102	221
5	9	125	125	19	110	153	147	133	139	98	227
5	9	125	124	21	107	152	148	152	131	104	232
5	9	123	126	22	107	150	118	122	131	100	227
5	9	122	127	22	106	151	155	143	126	125	233
5	9	126	128	18	113	160	126	88	136	130	237
5	9	127	131	16	113	167	152	117	123	102	230
5	9	130	133	12	114	165	91	111	118	149	229
5	9	132	133	11	117	175	152	119	120	114	225
5	9	129	133	10	116	175	181	148	114	81	215
5	9	127	126	9	110	161	119	117	126	80	222
5	9	129	124	10	108	161	91	116	134	98	227
5	9	131	123	12	110	167	148	123	131	134	231
5	9	132	123	12	110	169	116	73	143	128	230
5	9	132	125	13	109	172	146	129	133	123	232
5	9	131	126	13	107	168	114	128	137	135	225
5	9	130	127	13	106	160	116	180	127	131	229
5	9	131	127	15	107	162	79	130	139	142	235
5	9	129	127	15	106	161	111	109	142	120	234
5	9	127	127	14	106	157	120	176	133	85	225
5	9	126	128	14	106	155	90	93	143	87	217
5	9	126	129	14	107	162	124	92	132	125	230
5	9	127	131	14	107	159	126	141	122	151	235
5	9	129	133	13	114	167	154	175	120	176	236
5	9	128	135	12	113	166	121	117	126	110	227
5	9	125	134	11	110	155	94	161	120	118	232
5	9	129	130	11	110	163	120	96	135	102	221
5	9	128	128	10	112	160	120	146	130	134	230
5	9	128	125	11	109	162	88	117	132	123	231
5	9	130	124	13	111	167	118	92	134	62	222
5	9	131	126	12	110	168	114	101	140	156	233
5	9	131	130	14	111	166	140	112	144	110	232
5	9	129	131	16	111	168	139	138	136	115	227
5	9	127	131	17	109	160	112	133	139	114	229
5	9	127	129	19	109	166	172	141	140	67	225
5	9	127	129	21	109	160	144	134	138	119	230
5	9	125	133	22	112	158	181	127	129	99	232
5	9	124	135	19	109	152	157	116	125	121	237
5	9	126	136	16	114	159	156	90	125	131	237
5	9	126	136	13	115	164	151	121	127	107	231
