1	1	189	158	61	72	164	153	104	107	120	135	83	162	151	118	220	58	9	224	197	205
1	1	183	154	58	71	166	146	139	75	121	151	88	169	205	118	222	57	14	228	201	194
1	1	179	149	55	60	151	156	123	108	118	158	93	163	169	143	228	61	14	242	192	201
1	1	180	147	57	67	154	145	118	59	124	125	94	174	171	116	222	59	7	220	196	191
1	1	174	142	53	65	157	145	183	142	122	157	99	170	195	135	227	59	12	234	194	208
1	1	173	144	51	58	152	155	126	106	118	173	88	162	143	121	222	63	13	218	200	185
1	1	182	153	54	63	144	159	127	129	105	105	80	169	142	94	220	61	13	223	209	199
1	1	183	159	54	53	136	166	134	101	114	162	85	160	179	126	221	57	11	220	199	208
1	1	187	167	59	60	145	164	123	88	111	130	74	163	173	119	220	58	13	219	213	208
1	1	188	171	58	51	124	175	136	126	104	158	97	159	184	137	228	61	15	216	206	205
1	1	190	171	59	61	142	164	152	116	105	152	101	162	172	128	223	61	11	213	193	206
1	1	186	161	53	62	148	154	114	117	107	129	92	166	115	101	225	60	12	211	201	203
1	1	173	137	37	55	171	147	90	154	116	121	93	165	190	135	225	60	9	222	191	216
1	1	165	117	30	57	165	131	124	122	125	135	80	160	132	159	228	52	12	226	182	204
1	1	159	96	32	47	162	134	74	107	136	152	81	165	157	104	219	56	14	207	210	205
1	1	186	155	57	61	155	165	55	141	113	132	87	173	179	124	222	59	14	219	203	203
1	1	180	150	53	61	149	156	90	89	128	170	85	168	173	118	220	61	11	220	197	201
1	1	180	149	54	60	146	161	127	138	118	150	76	176	139	101	221	61	12	226	203	238
1	1	182	151	56	60	154	164	59	135	112	136	98	172	156	95	220	60	10	231	194	197
1	1	177	148	54	58	148	158	124	140	121	177	91	169	135	145	232	60	13	219	195	189
1	1	177	153	54	60	151	158	126	108	117	144	85	165	148	141	230	60	9	231	196	197
1	1	186	164	59	61	145	163	118	147	108	154	92	165	144	130	230	59	13	210	211	195
1	1	186	167	58	51	138	166	130	110	115	142	73	157	166	133	228	62	13	213	206	195
1	1	189	171	61	59	140	163	121	64	117	161	93	166	152	119	227	59	13	219	217	205
1	1	188	170	57	57	132	171	127	114	113	179	86	152	161	125	231	57	9	205	218	206
1	1	191	172	60	59	140	173	128	87	119	173	95	163	165	123	233	63	15	213	210	189
1	1	193	173	62	66	148	160	113	104	117	119	77	168	165	108	226	57	17	218	200	204
1	1	185	159	53	67	167	148	171	133	116	125	70	159	165	104	220	58	16	214	195	207
1	1	172	135	41	62	169	139	117	85	132	153	94	169	154	84	222	59	14	228	196	207
1	1	156	108	37	58	174	134	129	146	123	136	75	152	151	94	220	59	15	238	186	205
1	1	182	155	56	61	163	155	116	98	122	150	74	164	157	123	217	64	17	229	191	201
1	1	181	151	53	62	163	158	117	148	116	155	80	166	147	152	227	61	11	214	197	193
1	1	185	155	56	68	161	155	148	126	121	129	74	169	155	124	222	60	10	208	202	185
1	1	187	158	58	70	163	156	142	128	117	140	96	174	154	101	218	59	8	214	191	187
1	1	180	153	54	63	160	158	87	115	122	145	92	165	182	96	218	62	12	217	200	204
1	1	176	152	49	60	163	156	123	115	119	134	56	164	168	88	208	61	13	213	191	189
1	1	181	159	52	60	148	161	125	87	125	176	81	170	169	150	231	60	15	211	204	191
1	1	184	163	52	53	144	173	103	104	118	149	75	170	126	122	223	62	16	219	214	188
1	1	185	166	53	57	144	166	127	114	116	144	71	161	115	128	224	60	16	222	198	184
1	1	184	164	53	54	144	166	160	114	117	189	92	164	165	127	226	57	10	213	218	207
1	1	186	165	55	55	145	171	97	132	106	130	81	169	137	151	226	60	15	214	218	194
1	1	188	165	58	62	151	166	53	96	127	158	91	159	160	137	222	60	12	220	188	198
1	1	184	158	52	57	158	163	87	118	117	161	83	152	136	108	220	61	11	220	208	204
1	1	174	144	44	52	149	149	124	102	118	197	116	170	155	92	219	63	13	200	215	199
1	1	156	118	38	56	171	135	124	131	135	185	82	169	166	152	226	57	17	218	206	210
1	1	178	148	50	54	147	164	101	131	125	162	80	171	200	117	220	59	18	223	209	185
1	1	181	148	53	58	157	167	64	111	126	170	76	162	167	114	222	57	8	228	206	211
1	1	189	159	59	66	157	162	120	122	117	124	75	163	147	164	228	58	12	225	202	200
1	1	192	162	61	68	168	159	142	136	114	129	71	175	180	115	221	59	17	234	183	201
1	1	185	154	57	69	169	153	141	135	125	153	84	175	187	117	223	60	16	230	193	216
1	1	176	146	49	60	159	155	125	116	132	157	65	162	152	142	226	58	9	205	207	213
1	1	178	148	49	63	167	158	126	109	121	131	76	162	153	145	225	60	13	229	197	189
1	1	182	155	50	62	160	158	154	116	118	169	90	153	163	138	224	60	14	232	189	207
1	1	183	160	51	66	168	156	149	121	119	127	74	169	178	125	227	58	11	210	209	207
1	1	183	163	51	64	162	161	124	90	126	127	73	161	156	131	228	63	11	219	200	199
1	1	185	166	54	63	156	159	181	122	111	189	108	164	158	139	233	62	14	218	207	190
1	1	186	162	56	67	166	152	173	108	122	155	81	167	133	154	227	59	13	216	200	190
1	1	181	151	52	60	174	152	115	121	115	125	72	163	158	155	225	53	12	222	205	181
1	1	174	137	45	58	155	152	98	128	125	132	82	164	153	82	210	60	12	212	201	188
1	1	169	117	42	56	178	136	121	129	119	144	91	161	182	134	222	59	15	227	198	189
1	1	181	152	52	56	152	165	97	106	128	173	99	166	174	96	224	62	11	223	185	190
1	1	182	153	54	57	153	166	64	110	128	148	76	167	156	157	233	60	13	220	199	210
1	1	185	162	57	59	152	165	125	113	111	140	80	166	154	127	222	61	17	218	215	196
1	1	186	165	58	57	140	172	96	139	115	150	86	163	157	134	227	59	12	224	200	213
1	1	185	159	56	60	150	171	61	140	118	150	83	171	139	154	230	61	18	232	194	216
1	1	180	150	50	59	159	159	94	83	127	152	81	165	173	112	219	61	18	236	187	202
1	1	178	142	45	54	172	163	98	109	131	172	74	162	178	85	210	61	17	220	193	198
1	1	179	144	44	59	169	161	127	113	129	172	75	163	149	141	226	58	15	226	187	199
1	1	179	151	43	55	159	165	98	129	115	173	94	163	189	107	226	57	13	222	214	203
1	1	180	157	45	60	157	161	127	135	118	130	77	157	156	130	225	60	9	204	217	198
1	1	180	157	45	56	149	166	100	129	118	157	89	168	182	121	225	56	11	218	201	200
1	1	179	149	44	59	165	155	157	110	116	151	79	171	128	113	228	58	11	226	200	204
1	1	174	136	42	51	154	157	101	150	123	157	93	169	137	118	224	60	10	213	188	200
1	1	168	118	37	51	167	147	103	113	123	166	94	168	157	128	226	61	12	210	214	189
1	1	164	103	36	56	178	137	133	94	140	155	78	161	127	104	221	61	13	220	205	186
1	1	179	147	47	64	164	163	99	133	132	119	79	168	189	145	232	61	13	222	201	201
1	1	180	150	51	62	169	156	153	116	121	154	83	163	197	126	229	61	14	227	210	196
1	1	182	155	54	61	154	160	127	112	120	124	66	159	201	96	212	63	14	223	188	202
1	1	185	158	56	64	166	157	147	125	112	135	70	168	151	115	224	63	18	219	194	188
1	1	185	155	56	61	163	156	150	124	116	134	65	167	143	128	225	60	12	211	195	191
1	1	184	153	53	63	164	156	154	114	118	135	86	161	206	127	219	64	12	215	199	202
1	1	180	149	48	64	170	148	148	94	123	144	76	169	164	134	221	59	13	219	189	200
1	1	174	140	41	57	175	156	123	161	116	153	86	165	150	129	224	57	10	229	185	199
1	1	175	139	40	59	168	155	65	97	125	131	85	161	171	128	224	61	13	229	184	207
1	1	176	141	39	57	172	151	153	109	119	207	106	154	162	134	227	59	13	226	187	213
1	1	176	137	38	65	179	143	115	140	120	119	85	163	153	122	225	60	12	218	189	199
1	1	170	124	36	60	182	142	122	135	130	140	72	167	174	120	226	61	14	197	202	189
1	1	165	112	38	57	178	139	130	124	132	154	88	168	183	123	222	60	12	219	195	202
1	1	161	105	38	55	165	137	130	175	125	152	74	160	119	123	225	59	8	211	189	216
1	1	162	104	37	55	176	139	102	119	142	146	81	163	154	121	221	59	7	217	197	195
1	1	175	139	43	54	154	164	105	150	120	158	89	168	138	118	227	64	7	219	193	204
1	1	179	145	47	53	155	165	99	155	110	148	86	170	122	138	224	65	11	207	208	214
1	1	181	149	49	54	149	168	69	151	114	128	86	167	140	125	221	62	12	215	194	213
1	1	183	151	50	57	156	163	97	106	121	145	84	171	176	95	218	61	14	223	196	215
1	1	182	148	49	56	160	162	96	110	124	152	73	162	163	130	225	62	11	223	193	202
1	1	184	153	53	60	157	160	122	118	117	145	68	166	149	129	221	56	17	231	201	221
1	1	184	158	54	60	146	159	94	81	119	117	75	169	183	110	223	58	11	220	213	204
1	1	176	147	45	55	147	162	67	151	115	141	93	174	141	138	223	59	14	228	188	208
1	1	165	127	35	58	165	144	131	126	130	165	81	165	184	144	220	58	13	227	176	207
1	1	163	116	33	57	173	135	162	120	124	156	86	164	192	110	218	60	9	209	203	196
1	1	165	109	34	57	177	138	129	151	130	152	88	157	168	131	222	56	8	216	187	188
1	1	161	108	37	56	174	136	162	146	124	173	107	165	165	129	230	61	10	216	206	198
1	1	159	110	39	54	161	138	135	164	118	137	90	156	179	134	221	60	7	215	185	201
1	1	168	120	41	57	164	149	105	114	129	140	95	171	149	147	228	59	13	228	196	199
1	1	171	130	44	58	157	145	99	92	122	121	85	166	157	95	218	62	16	226	194	204
1	1	171	132	42	64	171	146	128	50	137	156	82	168	175	101	215	61	11	226	204	207
1	1	171	132	42	64	180	147	123	132	119	120	74	165	153	109	218	62	9	220	193	188
1	1	172	136	42	58	162	155	100	124	121	134	73	160	167	102	218	61	15	224	201	202
1	1	177	142	47	64	167	151	119	138	114	140	90	168	151	120	229	59	10	229	207	212
1	1	180	146	50	59	162	157	123	138	116	161	92	170	178	142	230	57	9	215	204	197
1	1	185	153	54	61	157	159	152	120	116	175	92	169	161	95	218	61	13	210	202	191
1	1	187	161	56	62	150	156	149	119	108	138	91	160	161	108	221	62	14	223	207	195
1	1	182	155	51	55	146	161	131	128	109	126	81	176	177	99	225	57	13	225	212	191
1	1	173	134	44	60	165	141	120	107	126	149	99	172	204	140	225	58	11	225	209	191
1	1	163	113	34	55	169	137	97	125	136	159	79	160	175	106	215	61	14	203	204	183
1	1	160	108	36	56	173	136	129	150	130	142	68	155	164	120	217	61	12	216	201	185
1	1	165	117	38	57	166	149	73	114	130	135	80	160	173	78	212	65	11	217	205	197
1	1	171	132	41	59	158	149	162	150	118	166	110	158	179	136	224	63	10	211	193	206
1	1	179	144	47	57	154	157	129	128	117	151	92	162	162	120	217	62	9	204	196	210
1	1	182	148	49	57	139	159	100	102	126	132	87	169	132	63	217	62	13	219	199	197
1	1	170	129	35	57	161	153	68	142	118	139	101	173	140	93	225	61	9	216	202	205
1	1	169	126	33	55	169	153	106	141	122	135	83	166	186	86	214	64	11	212	202	208
1	1	172	132	35	55	160	158	107	117	126	156	85	163	154	106	216	56	11	223	195	202
1	1	180	143	47	60	160	157	61	102	120	141	101	176	145	135	230	60	12	206	204	202
1	1	182	147	48	60	162	161	95	131	113	124	78	166	157	137	230	59	14	225	197	213
1	1	183	152	50	60	154	160	95	80	121	160	95	169	190	126	229	55	13	225	206	196
1	1	182	153	49	59	155	155	155	136	102	148	87	163	190	135	226	55	14	223	208	195
1	1	177	149	47	54	148	151	130	100	115	125	72	162	166	176	232	59	14	213	213	184
1	1	175	141	45	63	170	147	119	114	126	146	83	168	186	136	223	58	11	218	202	187
1	1	175	140	45	63	167	147	89	107	126	132	93	167	202	128	226	58	8	213	196	186
1	1	176	145	45	61	165	146	117	118	125	150	80	158	160	111	218	59	10	218	180	207
1	1	178	153	47	62	164	149	120	111	123	119	96	167	202	105	218	60	7	214	202	191
1	1	174	157	48	50	143	156	133	125	106	130	66	156	155	136	224	60	13	207	203	191
1	1	177	157	51	55	148	156	165	72	116	159	92	155	244	166	224	59	18	232	204	202
1	1	181	157	52	50	136	164	106	95	113	120	73	165	156	141	227	58	16	237	198	214
1	1	165	119	30	61	176	142	99	146	122	117	79	158	189	88	212	62	11	200	209	184
1	1	167	121	31	58	178	146	101	122	131	138	80	164	182	132	223	61	16	225	204	194
1	1	171	133	34	58	164	152	136	122	123	146	78	160	156	120	222	56	12	229	204	209
1	1	177	144	44	54	152	156	68	118	112	130	106	175	202	111	222	60	17	225	190	203
1	1	177	142	42	58	170	158	99	128	120	116	77	169	169	116	222	63	13	214	195	190
1	1	177	144	43	58	162	155	94	134	116	135	84	164	141	156	228	65	15	214	198	209
1	1	176	142	41	59	161	156	129	180	109	140	102	171	214	124	225	60	16	222	205	211
1	1	174	140	41	57	162	157	101	124	119	144	87	166	176	157	228	60	15	211	194	202
1	1	173	146	44	49	145	162	112	114	110	131	72	158	167	120	216	60	16	218	201	188
1	1	176	155	47	45	125	168	145	138	96	164	87	160	160	89	216	62	14	209	214	200
1	1	179	157	50	48	134	170	77	121	105	143	69	165	154	129	221	62	21	216	219	179
1	1	182	157	52	57	148	161	130	130	108	134	98	167	160	127	219	63	14	221	196	205
1	1	174	153	49	52	142	159	103	99	122	157	84	158	214	133	219	55	15	220	193	215
1	1	169	146	44	48	137	160	80	88	124	144	69	161	130	162	226	62	13	216	191	210
1	1	176	147	46	54	150	164	106	146	109	123	88	163	170	118	222	64	14	216	210	211
2	3	165	139	51	28	92	175	151	103	116	161	86	164	154	132	233	60	13	218	198	215
2	3	168	141	52	40	115	166	166	123	111	128	78	163	168	138	229	59	17	228	200	212
2	3	167	139	50	39	118	176	172	146	114	149	70	163	173	140	232	60	15	223	192	219
2	3	169	145	53	38	107	171	137	63	116	163	87	167	169	106	227	61	18	220	208	200
2	3	172	147	51	44	132	166	155	110	119	145	80	161	177	83	221	64	14	210	200	194
2	3	173	146	53	50	135	156	179	94	123	136	79	165	185	125	234	58	15	207	210	198
2	3	172	138	51	46	137	164	186	140	118	160	87	166	208	121	229	58	12	211	200	210
2	3	173	142	49	41	124	168	162	123	110	142	91	155	183	105	223	58	11	210	202	217
2	3	179	152	55	46	131	163	117	64	124	110	61	161	156	80	223	59	16	206	206	196
2	3	180	151	54	55	149	155	200	82	132	140	74	158	209	127	225	61	20	203	193	195
2	3	168	143	50	27	106	171	177	114	113	144	71	164	145	111	228	64	12	197	202	206
2	3	171	146	51	37	118	170	164	126	114	142	88	166	137	111	234	61	14	212	198	208
2	3	171	148	51	38	118	169	164	129	119	137	77	161	214	125	232	58	15	222	195	213
2	3	173	150	52	38	116	170	131	100	118	128	86	167	148	98	229	63	14	202	210	204
2	3	175	150	53	36	122	172	125	134	113	150	90	166	143	143	236	57	13	223	187	208
2	3	175	144	51	40	114	170	131	103	124	146	89	175	153	108	225	60	18	221	199	212
2	3	171	134	46	34	129	179	142	148	118	152	68	167	202	96	221	59	17	223	199	199
2	3	172	140	47	34	114	174	141	112	112	150	93	161	177	102	226	61	12	212	197	215
2	3	178	147	50	37	128	174	131	105	120	138	80	169	173	112	225	57	16	218	202	215
2	3	178	146	50	39	128	172	126	133	116	133	85	169	122	166	235	59	14	207	188	218
2	3	171	148	51	33	119	171	138	66	122	131	73	166	167	173	237	59	19	220	206	207
2	3	174	147	52	42	130	170	126	106	124	136	85	158	195	133	228	63	19	215	188	213
2	3	174	147	53	42	128	167	124	85	134	140	81	167	174	127	233	58	14	216	187	214
2	3	174	148	52	42	120	169	97	101	125	125	92	161	219	147	235	59	17	214	194	214
2	3	174	147	52	42	130	162	186	112	120	158	94	161	216	100	225	65	18	199	200	188
2	3	172	143	50	36	125	167	167	93	116	124	88	172	181	119	228	61	16	209	202	197
2	3	172	140	49	39	130	164	194	100	118	151	88	162	209	129	230	60	15	205	203	201
2	3	172	143	47	35	121	170	138	63	119	144	85	156	188	117	225	61	18	223	199	202
2	3	176	150	49	35	120	170	164	95	106	145	90	169	146	163	236	59	15	220	199	229
2	3	177	149	51	36	122	167	158	107	117	138	81	155	145	150	231	61	13	205	184	202
2	3	173	147	51	37	117	172	164	124	121	153	106	173	172	110	232	56	10	206	203	217
2	3	174	148	49	35	122	175	99	74	129	175	101	164	150	116	230	58	13	209	211	215
2	3	175	149	51	36	116	175	100	128	124	126	82	169	155	151	233	59	18	221	196	201
2	3	174	148	50	35	116	170	163	100	117	149	85	166	153	115	229	58	14	221	197	208
2	3	172	147	48	28	116	176	105	92	114	149	74	165	152	131	230	60	19	216	200	215
2	3	175	145	48	34	117	173	134	121	116	141	87	169	191	72	226	58	11	211	200	211
2	3	176	143	48	38	131	168	128	80	130	128	65	164	162	94	223	57	12	210	203	206
2	3	176	146	48	35	127	173	97	103	126	145	86	154	156	160	230	64	14	190	202	191
2	3	177	150	50	35	122	169	162	102	115	121	75	165	174	122	231	62	12	211	204	209
2	3	178	150	50	32	114	172	132	99	116	147	90	162	175	115	225	60	14	220	197	220
2	3	174	152	53	39	121	172	160	136	123	135	82	163	174	143	241	56	14	229	192	210
2	3	173	154	51	36	110	173	134	126	116	126	84	163	180	131	236	61	13	208	210	217
2	3	174	154	52	39	130	164	220	136	109	121	83	174	161	158	238	67	17	204	214	217
2	3	173	153	50	35	116	172	133	100	121	142	92	166	171	150	236	59	17	225	198	205
2	3	173	152	50	35	115	167	194	131	115	141	75	160	189	119	229	57	11	212	194	203
2	3	176	150	51	38	122	170	165	72	122	136	83	160	220	142	229	58	17	234	192	207
2	3	177	149	52	37	128	171	130	74	122	131	89	167	183	146	232	60	15	221	195	216
2	3	178	149	51	39	134	169	156	86	126	143	79	169	144	115	233	62	11	206	203	220
2	3	178	150	50	38	133	171	123	134	113	118	82	163	187	135	235	58	10	210	198	205
2	3	180	153	51	36	130	170	123	82	118	139	84	163	131	149	236	62	15	211	198	214
2	3	172	151	50	27	104	179	144	115	117	154	89	167	172	141	232	61	17	221	200	215
2	3	174	154	52	30	107	174	135	94	114	146	85	162	156	144	232	61	17	229	192	230
2	3	177	155	52	40	122	173	128	79	125	150	97	163	179	115	226	62	15	213	202	215
2	3	175	153	49	38	126	171	160	109	121	143	78	165	173	150	232	60	19	225	193	217
2	3	175	152	51	34	119	172	131	104	116	140	78	164	178	100	220	60	16	198	214	191
2	3	175	147	48	25	109	180	177	136	99	140	79	167	154	98	221	59	12	203	207	217
2	3	174	146	49	23	112	180	117	55	120	127	64	165	111	124	220	63	13	208	200	194
2	3	178	149	53	39	121	165	157	83	122	143	83	165	165	119	227	59	14	212	198	209
2	3	180	150	52	45	139	163	180	95	127	147	93	155	166	100	224	60	15	213	190	214
2	3	181	151	51	43	136	171	121	86	122	139	91	156	146	119	226	60	16	213	196	210
2	3	177	153	55	39	120	168	156	85	126	155	94	165	155	122	236	58	17	221	207	213
2	3	176	150	52	43	128	163	151	93	129	145	86	157	181	131	232	57	17	216	193	213
2	3	175	147	50	44	131	161	181	144	116	136	94	160	181	109	230	59	18	220	191	199
2	3	175	147	49	44	132	165	152	118	128	143	82	167	169	119	231	60	13	210	195	203
2	3	177	151	51	37	117	170	127	102	111	128	89	170	138	100	230	60	18	219	209	194
2	3	177	152	52	32	119	172	133	99	115	115	78	168	171	116	228	60	15	222	203	206
2	3	178	149	50	33	117	173	133	97	115	140	94	169	148	73	222	62	11	206	204	211
2	3	178	146	50	40	133	166	155	110	115	124	81	163	161	75	219	60	12	218	196	223
2	3	179	145	49	41	133	169	120	112	121	148	96	158	136	121	224	61	16	210	185	225
2	3	179	145	49	35	129	173	62	127	115	116	100	162	186	96	220	62	16	207	196	208
2	3	175	145	51	40	122	170	128	132	125	123	90	157	172	127	230	64	19	211	200	200
2	3	174	144	51	41	128	162	121	86	130	136	83	160	145	136	235	57	17	215	200	204
2	3	174	143	49	45	138	157	151	85	128	119	87	169	211	94	227	60	14	205	212	208
2	3	174	144	49	44	132	164	124	106	127	110	84	168	172	118	235	58	10	214	206	215
2	3	177	149	52	41	131	164	89	53	124	118	87	162	178	104	228	59	14	216	193	201
2	3	179	151	53	42	128	161	148	91	122	143	93	169	194	146	229	57	20	217	193	218
2	3	178	150	52	43	126	161	154	87	127	124	87	166	203	86	221	60	17	219	187	209
2	3	178	149	52	45	135	159	180	91	124	142	95	163	193	122	229	62	19	216	187	208
2	3	178	148	51	45	129	162	119	85	127	118	89	162	175	77	219	64	15	202	184	200
2	3	177	146	52	44	138	153	177	68	124	122	72	160	177	127	225	59	16	207	200	201
2	3	172	141	49	41	133	164	125	105	125	126	91	167	198	108	225	62	16	216	205	198
2	3	173	142	48	41	123	163	156	133	120	131	87	160	180	83	226	59	11	210	208	206
2	3	173	141	47	37	125	169	99	73	133	141	90	167	154	119	229	55	13	235	198	215
2	3	172	141	47	36	122	168	130	109	133	156	75	161	175	117	224	58	16	216	194	218
2	3	174	144	48	36	117	169	129	129	121	140	90	164	164	112	226	62	15	201	207	203
2	3	177	146	48	34	118	173	102	123	116	109	79	168	207	86	223	57	13	219	211	203
2	3	176	146	48	34	120	172	164	130	114	137	75	169	139	95	221	61	20	225	201	216
2	3	176	145	49	39	128	166	157	110	125	136	85	169	172	137	225	59	14	215	197	215
2	3	175	144	47	37	123	167	128	128	114	124	89	161	177	141	226	61	18	210	201	206
2	3	175	142	46	38	128	166	158	132	115	149	89	159	180	167	229	57	17	215	202	201
2	3	171	145	52	41	123	164	94	103	123	106	83	166	200	129	233	58	13	220	203	210
2	3	172	145	52	42	134	153	245	141	107	113	72	166	193	119	231	55	15	231	215	195
2	3	172	146	50	39	124	162	127	49	133	116	75	167	173	127	230	57	14	229	197	207
2	3	174	147	51	42	125	159	152	88	128	130	76	163	197	76	221	58	14	222	197	215
2	3	177	148	51	44	123	162	150	111	120	144	108	165	198	89	226	61	8	207	199	212
2	3	179	149	51	44	126	165	152	111	118	135	94	165	178	130	231	57	16	219	195	216
2	3	179	150	53	41	126	162	149	86	120	151	105	161	190	126	227	56	18	228	190	209
2	3	178	148	51	43	128	164	118	114	129	131	100	163	202	90	222	60	14	211	186	217
2	3	177	144	48	41	135	159	146	113	118	148	104	156	200	169	229	59	20	214	190	204
2	3	177	143	46	41	137	162	115	109	119	144	104	157	182	97	224	59	9	203	202	201
2	3	167	142	48	26	95	181	121	95	115	147	100	174	189	94	227	61	16	221	210	204
2	3	168	143	47	24	97	181	116	130	109	146	78	157	157	125	227	61	18	222	202	215
2	3	172	146	49	36	107	171	132	121	122	140	85	163	193	117	226	59	13	222	180	211
2	3	176	148	51	40	122	174	62	52	135	138	75	169	149	118	226	59	18	222	203	198
2	3	178	149	51	38	126	176	63	104	124	112	81	171	168	108	224	61	15	210	206	209
2	3	177	149	50	38	124	171	154	139	115	141	81	166	149	73	214	60	17	208	194	204
2	3	177	147	49	37	122	172	125	131	118	131	86	164	172	81	218	61	14	211	196	199
2	3	177	147	50	38	125	169	89	83	126	143	75	163	125	118	227	62	17	223	194	207
2	3	176	145	49	39	129	169	91	82	130	155	88	166	197	112	221	59	19	216	203	224
2	3	176	144	48	44	140	160	179	91	124	147	82	160	189	105	220	56	14	211	204	210
2	3	168	143	50	34	115	168	170	68	126	122	56	171	136	89	226	60	12	217	201	209
2	3	170	147	52	36	116	170	162	100	117	150	84	170	165	71	224	60	10	203	200	206
2	3	172	149	52	39	118	172	126	128	111	143	95	167	175	79	225	63	14	211	200	202
2	3	176	152	54	43	128	168	149	116	117	144	85	165	159	99	229	62	15	213	207	211
2	3	177	151	52	42	130	166	151	86	119	133	74	164	163	105	224	59	16	205	197	207
2	3	175	148	50	34	125	171	129	74	118	139	78	162	177	88	221	59	16	220	204	210
2	3	175	146	49	37	123	171	159	111	127	157	77	169	162	139	234	57	14	210	210	206
2	3	175	145	50	35	126	170	127	130	117	113	77	165	154	147	230	61	15	206	221	196
2	3	176	144	49	40	130	170	123	110	122	136	81	167	150	105	226	59	16	217	197	210
2	3	177	145	51	40	133	164	146	145	116	143	84	158	167	147	228	60	16	205	195	209
2	3	174	150	52	34	114	171	127	103	122	148	86	165	154	124	234	58	12	201	210	191
2	3	175	149	52	40	121	171	93	105	126	116	78	167	172	150	231	60	18	226	191	222
2	3	175	149	54	46	130	162	115	65	137	131	79	170	202	153	232	61	18	215	194	194
2	3	176	148	51	42	120	172	93	107	130	129	84	166	146	140	234	59	13	211	200	207
2	3	178	149	52	45	136	167	150	92	129	131	77	170	160	141	233	59	15	206	212	192
2	3	178	150	52	43	135	164	146	118	116	130	83	161	181	99	225	61	14	207	202	196
2	3	177	149	52	43	134	160	179	118	118	132	83	169	203	133	231	55	15	226	194	214
2	3	177	146	52	45	139	155	206	97	125	150	91	162	171	125	234	59	12	223	198	211
2	3	176	142	49	44	138	159	147	92	129	145	85	165	189	121	230	57	16	219	192	208
2	3	178	141	49	50	148	153	204	126	123	136	86	159	203	124	231	61	17	215	195	203
2	3	175	146	54	42	142	159	139	102	129	150	88	166	174	145	232	61	20	218	209	205
2	3	174	144	50	42	136	164	113	170	117	123	83	162	197	119	225	60	16	219	187	204
2	3	174	145	51	40	130	162	114	85	124	170	108	161	202	75	218	62	18	224	191	210
2	3	176	146	51	44	138	160	141	97	130	166	94	158	177	86	222	63	15	202	198	201
2	3	179	148	52	45	144	164	143	96	125	133	83	166	147	110	232	60	16	225	205	210
2	3	180	148	53	48	142	160	170	126	123	149	98	167	190	110	231	60	13	211	203	210
2	3	179	145	51	45	135	162	111	70	138	166	93	163	201	113	226	60	15	208	194	208
2	3	179	144	50	44	136	166	112	147	121	137	94	170	156	125	232	59	15	210	192	203
2	3	179	142	49	46	140	164	143	147	122	153	102	167	173	164	232	58	20	218	186	222
2	3	180	144	50	45	141	163	108	97	132	155	100	160	142	148	230	59	13	213	190	203
2	3	177	146	58	47	139	161	137	102	128	151	91	171	165	134	231	58	16	233	212	191
2	3	176	147	56	48	138	158	102	103	129	141	81	162	195	139	230	60	17	222	208	205
2	3	177	148	56	48	136	155	132	83	130	166	79	159	171	121	230	58	15	229	194	214
2	3	180	150	58	52	148	155	159	142	122	117	68	171	165	134	236	55	14	227	196	200
2	3	183	152	62	59	157	149	118	71	138	113	74	171	228	126	228	56	17	208	209	200
2	3	184	151	62	62	157	152	149	103	135	143	89	175	198	109	227	56	14	226	194	217
2	3	183	148	59	61	159	151	151	102	138	132	71	165	191	143	233	56	14	219	204	205
2	3	182	147	58	55	152	157	127	110	125	133	103	169	184	127	226	63	17	211	202	205
2	3	181	145	57	55	162	149	186	120	123	126	75	167	197	111	222	58	18	217	191	189
2	3	181	144	55	49	149	159	99	83	134	160	89	168	184	126	227	59	18	212	204	197
2	3	179	147	62	53	142	157	144	113	128	148	85	165	165	124	230	59	16	225	212	197
2	3	178	148	61	55	143	154	109	89	131	145	80	164	178	125	228	59	16	218	203	207
2	3	179	149	60	53	145	153	141	102	126	149	87	161	187	109	226	60	13	216	199	211
2	3	180	150	59	53	145	156	143	139	121	125	85	165	175	142	232	59	15	218	200	199
2	3	181	152	61	56	143	152	142	90	133	128	81	166	202	112	226	59	15	210	204	203
2	3	181	151	60	56	146	154	154	107	127	155	88	167	165	116	232	58	16	224	201	199
2	3	181	149	59	57	144	152	141	90	134	136	82	168	194	118	230	57	16	225	196	206
2	3	179	145	56	50	143	156	131	106	125	153	95	164	170	129	229	61	16	215	201	203
2	3	178	143	54	51	149	153	146	118	122	129	85	168	175	130	228	57	17	218	198	194
2	3	178	143	53	48	148	157	120	77	137	140	81	168	194	130	227	59	18	215	202	198
2	3	181	148	67	60	146	154	152	125	127	144	80	159	165	113	228	59	15	218	212	203
2	3	181	149	66	61	148	150	117	73	134	148	78	166	161	110	226	58	15	214	197	209
2	3	181	149	64	59	154	151	150	121	121	132	96	163	203	96	222	63	11	204	204	207
2	3	180	150	61	54	142	157	127	136	120	133	102	159	186	150	228	63	16	208	205	197
2	3	179	151	59	52	130	155	165	109	128	143	89	162	176	98	224	61	14	212	198	206
2	3	179	152	59	50	135	156	159	111	118	166	87	159	132	123	237	59	18	223	206	180
2	3	179	149	59	53	128	152	131	78	130	140	93	171	196	92	227	59	18	230	187	208
2	3	176	142	54	45	133	155	135	102	125	172	88	159	155	131	232	60	16	218	201	201
2	3	175	140	52	46	136	157	107	117	121	133	95	169	153	148	233	57	15	218	206	199
2	3	175	141	51	47	146	154	142	71	140	121	73	167	205	133	226	59	19	218	199	200
3	5	44	126	67	45	164	156	116	112	95	136	95	152	191	110	222	56	14	216	217	207
3	5	42	129	69	40	172	160	150	121	110	160	94	189	194	120	226	61	18	213	202	217
3	5	38	137	62	53	160	163	121	123	131	132	88	162	149	133	235	67	14	215	206	220
3	5	23	162	53	56	107	139	107	139	91	115	87	146	171	140	239	53	16	214	207	202
3	5	30	151	59	53	147	156	113	107	145	183	92	194	202	126	243	62	15	218	204	215
3	5	36	144	60	58	129	154	118	122	129	134	88	162	174	128	233	64	15	205	202	206
3	5	32	150	59	59	126	147	112	119	112	115	88	160	159	121	227	57	12	203	193	218
3	5	35	144	58	59	139	158	152	129	138	117	60	167	142	95	225	62	15	219	190	215
3	5	37	143	58	55	114	158	58	137	120	116	94	166	150	131	229	65	16	202	194	211
3	5	38	140	60	53	133	156	119	125	126	134	66	171	142	95	226	57	11	213	209	228
3	5	35	145	58	56	131	163	87	150	129	163	99	163	156	106	236	62	11	210	198	215
3	5	28	159	54	61	115	146	143	150	118	129	97	161	136	95	230	65	12	205	191	225
3	5	29	160	50	57	141	159	114	132	138	154	72	194	137	122	238	65	15	215	202	223
3	5	25	170	46	63	115	144	105	96	116	167	110	169	148	83	229	63	18	212	198	225
3	5	12	177	48	53	149	147	134	147	145	149	65	169	162	106	230	70	19	232	207	220
3	5	36	138	59	54	160	157	115	140	102	111	92	132	191	133	228	62	15	223	212	217
3	5	27	152	65	39	146	142	104	98	105	150	88	200	188	89	229	61	14	207	208	207
3	5	34	147	57	63	149	156	150	105	151	140	88	153	169	110	234	68	9	230	192	222
3	5	23	166	58	64	117	128	193	116	123	142	80	172	180	134	253	62	14	202	205	225
3	5	26	160	60	57	127	140	133	134	118	137	80	184	165	98	239	63	13	204	195	216
3	5	34	149	59	67	153	150	105	59	150	153	87	157	174	129	234	63	14	212	197	217
3	5	31	154	59	60	123	156	84	124	136	117	83	167	149	62	229	60	12	218	201	211
3	5	31	155	61	60	116	143	107	98	123	139	94	163	183	101	236	59	14	207	203	203
3	5	38	145	62	65	139	149	109	83	146	139	77	166	212	106	236	62	10	204	202	210
3	5	36	147	61	60	123	146	113	70	130	128	78	156	165	117	235	60	15	222	200	217
3	5	35	149	61	62	125	145	109	77	136	148	87	172	187	104	236	65	16	203	201	203
3	5	38	152	52	73	128	150	142	111	151	146	91	162	185	81	231	68	13	208	222	221
3	5	37	157	55	59	120	140	134	108	119	141	78	199	158	84	237	60	17	209	201	220
3	5	36	157	44	75	143	160	80	104	144	141	90	161	187	104	233	62	12	216	202	211
3	5	15	177	48	58	135	141	131	140	132	150	88	160	186	75	224	67	12	211	188	211
3	5	32	146	56	45	149	161	86	112	114	177	111	180	173	112	233	63	17	215	200	200
3	5	30	148	57	45	140	156	115	118	113	174	91	174	161	91	230	63	15	206	213	211
3	5	33	149	56	57	124	161	60	92	145	121	70	161	167	87	229	65	12	217	209	215
3	5	29	158	55	61	95	149	84	127	138	141	78	174	165	84	230	63	10	194	199	216
3	5	29	158	54	65	98	140	139	151	114	131	95	171	167	116	235	60	13	205	187	209
3	5	35	146	55	60	142	164	90	145	132	130	89	177	207	115	233	63	14	224	198	213
3	5	34	148	57	61	129	149	110	127	119	140	90	168	165	120	231	61	13	212	199	216
3	5	34	147	57	62	141	153	175	162	125	165	90	171	176	98	234	68	12	197	206	210
3	5	35	146	59	59	130	146	173	152	101	131	79	168	147	70	227	64	12	192	206	218
3	5	37	142	59	58	144	163	120	128	135	147	72	175	139	117	232	59	12	215	198	216
3	5	36	144	63	56	113	147	146	149	112	120	80	168	146	124	235	59	15	221	186	218
3	5	46	136	61	59	141	166	89	130	142	132	67	180	138	103	230	68	15	217	188	207
3	5	43	146	52	72	124	153	145	127	124	139	91	152	158	119	230	64	15	215	198	228
3	5	25	162	54	60	140	144	167	144	138	144	70	178	151	119	232	63	13	199	200	227
3	5	17	171	55	55	130	143	106	103	131	126	85	165	187	92	229	63	18	220	214	223
3	5	27	152	59	49	153	142	139	113	88	102	84	160	178	132	235	61	13	210	216	200
3	5	38	142	66	50	138	141	139	81	127	128	60	181	121	113	237	64	9	212	173	211
3	5	45	136	63	68	124	147	146	106	141	111	71	154	145	131	242	65	10	216	198	217
3	5	35	153	60	72	98	133	172	99	128	103	88	168	197	100	233	62	15	202	188	227
3	5	29	158	60	64	104	135	134	106	125	134	83	160	161	81	232	61	9	208	188	229
3	5	32	153	57	63	115	147	109	101	135	168	106	163	185	77	232	63	7	208	188	217
3	5	37	145	59	58	129	146	111	122	115	105	77	176	166	125	244	61	11	207	203	207
3	5	45	131	58	61	157	157	143	128	107	152	79	169	146	116	238	58	9	213	203	209
3	5	44	132	58	56	153	164	153	168	104	133	86	164	132	105	238	59	8	224	206	220
3	5	33	147	56	57	154	161	115	97	130	175	94	161	147	118	229	67	16	214	184	211
3	5	24	159	61	49	131	142	108	92	108	120	87	183	155	129	236	60	17	210	203	214
3	5	26	156	60	55	139	150	142	134	134	133	76	179	149	121	232	65	19	213	195	221
3	5	23	162	57	52	104	148	83	118	125	145	96	174	173	122	241	60	14	215	200	207
3	5	24	161	58	53	121	146	174	162	129	160	90	180	150	116	243	63	14	219	207	220
3	5	22	163	55	58	130	145	168	167	130	153	80	170	153	100	234	62	12	213	202	234
3	5	21	165	49	60	100	147	112	143	115	142	90	139	106	125	244	61	15	214	194	218
3	5	29	154	60	49	128	147	112	102	132	138	65	206	160	117	238	67	21	212	187	212
3	5	43	136	59	61	110	153	123	119	130	134	84	148	182	73	224	69	12	193	192	212
3	5	42	141	63	62	103	154	150	156	136	138	80	174	108	109	242	67	16	202	202	211
3	5	34	153	56	66	78	152	89	120	146	139	93	153	157	102	236	67	15	202	197	219
3	5	33	151	63	46	91	152	57	137	118	123	86	190	160	78	232	59	17	221	195	217
3	5	41	138	53	70	144	166	91	118	134	115	77	146	158	119	228	64	10	219	191	209
3	5	36	144	57	57	135	154	84	108	94	118	79	180	172	147	240	56	18	215	203	221
3	5	39	138	55	65	164	160	111	120	105	140	90	160	140	113	234	66	10	202	202	201
3	5	38	140	58	60	171	160	176	128	118	169	87	173	170	127	236	68	18	219	195	193
3	5	28	158	57	61	126	141	139	77	130	133	77	164	158	142	235	63	22	224	192	225
3	5	15	175	53	57	119	145	73	129	131	132	93	171	135	122	243	65	15	221	207	236
3	5	14	175	54	54	128	140	132	133	124	148	87	178	141	82	237	65	11	215	202	226
3	5	19	168	54	62	148	145	134	89	145	160	82	171	184	112	234	64	14	220	199	204
3	5	17	171	58	56	124	136	164	134	114	150	91	176	157	95	236	61	18	209	220	212
3	5	35	154	50	73	118	156	87	104	159	121	78	159	150	77	234	74	15	204	202	196
3	5	21	176	53	63	80	121	160	106	110	136	82	184	150	59	233	57	20	214	193	218
3	5	18	172	47	64	134	142	102	110	135	124	65	162	150	83	231	68	14	211	205	226
3	5	24	164	58	60	113	139	138	106	132	146	90	180	187	83	233	64	17	211	180	209
3	5	33	148	61	59	131	156	118	126	136	140	88	160	225	109	228	64	17	216	195	206
3	5	33	148	61	56	119	147	113	123	115	140	87	166	196	103	234	58	16	205	198	217
3	5	36	146	56	62	125	155	117	173	117	127	93	166	152	142	242	65	15	205	198	211
3	5	37	143	59	56	134	145	141	95	109	175	106	174	182	119	234	64	14	198	200	212
3	5	40	134	59	49	155	163	121	111	104	169	96	165	156	76	227	64	12	218	195	217
3	5	39	134	59	48	159	162	88	110	98	137	80	170	159	120	228	65	15	211	189	198
3	5	36	140	53	59	157	162	119	138	99	120	77	148	158	119	229	64	16	222	195	212
3	5	31	146	58	49	151	161	119	120	120	162	81	178	159	111	237	64	15	211	201	205
3	5	29	152	59	50	127	147	110	102	120	155	68	173	87	103	234	60	13	215	191	226
3	5	25	162	52	67	128	154	116	129	148	133	93	153	194	125	236	68	15	211	204	226
3	5	21	168	62	49	110	133	163	138	112	173	91	206	161	97	242	60	15	193	219	226
3	5	36	149	63	48	106	149	84	122	123	158	85	205	159	111	246	63	17	213	191	218
3	5	38	150	56	69	101	144	149	97	134	138	94	153	210	95	233	64	19	222	198	213
3	5	23	166	48	65	116	144	139	126	120	169	104	151	162	137	245	63	13	217	198	210
3	5	17	169	54	52	137	148	111	104	135	149	76	196	178	122	241	67	15	217	194	222
3	5	15	172	52	58	133	138	137	124	108	95	72	159	163	84	228	62	16	231	198	216
3	5	18	166	58	43	154	135	130	76	103	160	84	182	177	114	226	61	21	220	194	201
3	5	31	147	59	56	178	150	141	76	121	121	73	157	155	116	225	67	11	214	205	195
3	5	38	139	65	49	152	147	108	92	94	135	76	184	135	131	240	59	11	201	190	215
3	5	48	126	61	59	167	161	119	67	119	147	78	155	121	113	238	68	11	218	206	211
3	5	45	133	59	62	150	150	144	95	108	136	78	164	165	73	226	63	10	216	197	210
3	5	39	140	53	65	150	150	108	66	106	165	90	150	136	119	231	64	12	204	192	205
3	5	39	136	59	47	169	157	115	90	102	163	90	178	173	85	226	63	9	207	203	191
3	5	44	129	62	48	161	154	115	112	90	136	92	158	162	125	227	63	16	222	194	183
3	5	43	133	63	55	153	151	146	99	118	149	83	158	165	123	234	70	15	210	193	204
3	5	36	143	59	55	139	158	124	114	117	130	87	170	129	96	233	62	12	210	200	199
3	5	33	148	61	48	124	147	112	122	113	160	90	200	173	90	242	61	9	199	198	207
3	5	42	137	57	64	139	167	93	124	145	152	85	160	138	116	245	73	13	202	208	200
3	5	28	158	57	56	80	145	54	107	111	138	97	168	151	72	234	62	14	197	187	218
3	5	23	160	54	54	128	153	116	125	135	158	88	171	156	117	233	68	19	220	189	226
3	5	20	163	54	49	117	152	53	81	117	168	111	167	143	130	240	60	14	215	193	212
3	5	25	150	57	39	169	158	83	114	102	142	81	169	157	127	225	64	14	215	192	220
3	5	35	137	61	41	178	159	117	88	102	162	88	175	174	153	225	64	17	208	189	210
3	5	40	132	62	44	160	164	92	130	93	142	99	163	171	124	225	64	17	214	200	204
3	5	46	124	62	50	159	164	124	85	105	161	79	172	108	139	232	58	16	215	209	206
3	5	56	114	65	49	153	172	65	110	109	167	91	175	140	96	230	66	13	212	206	214
3	5	48	127	54	62	151	163	157	163	97	126	91	142	176	138	235	66	15	238	208	222
3	5	29	149	56	47	153	152	114	115	87	137	68	172	163	75	217	60	16	217	195	229
3	5	36	137	60	44	170	158	152	134	84	139	90	179	201	103	222	61	11	205	201	215
3	5	47	124	61	52	182	162	151	89	100	176	100	165	163	127	224	65	12	216	194	228
3	5	41	130	62	45	177	165	120	138	94	148	99	161	145	113	226	66	13	214	210	210
3	5	19	162	59	49	172	146	166	132	111	149	98	181	199	118	225	67	18	196	192	204
3	5	29	149	61	52	168	154	142	104	124	168	90	170	160	134	227	62	20	226	184	226
3	5	24	159	53	63	151	147	140	96	117	127	85	150	155	116	231	60	15	227	200	218
3	5	16	169	53	57	150	151	108	80	140	171	82	174	171	119	241	59	9	206	206	206
3	5	15	170	54	52	143	147	107	120	95	130	76	174	116	115	227	56	18	208	209	220
3	5	21	159	53	54	198	158	171	106	105	153	65	164	124	126	223	62	17	223	207	214
3	5	27	149	62	44	169	150	141	114	81	144	93	171	211	88	220	58	17	230	193	218
3	5	43	130	66	53	172	155	146	119	97	129	88	166	209	101	225	62	14	215	209	227
3	5	49	121	67	49	171	167	124	111	105	149	98	175	167	89	224	70	13	210	198	216
3	5	45	128	66	45	163	157	117	108	84	133	94	172	139	99	224	64	15	207	218	221
3	5	37	139	56	56	172	161	83	106	88	113	91	153	181	128	221	59	17	212	214	200
3	5	34	141	57	46	177	165	51	109	89	136	86	175	121	123	227	64	17	213	201	196
3	5	38	135	56	49	185	161	114	113	93	139	89	163	162	136	228	61	14	222	194	215
3	5	34	141	52	49	177	162	83	110	87	142	79	152	128	124	223	64	18	222	190	221
3	5	31	145	54	46	181	158	109	138	71	143	87	166	144	112	221	65	17	214	203	221
3	5	22	161	57	50	124	151	150	146	124	144	97	182	126	150	239	61	19	215	189	214
3	5	22	161	52	54	146	161	120	123	140	170	97	168	201	123	233	59	18	230	197	215
3	5	14	171	47	58	133	144	108	91	107	139	83	150	120	127	231	57	17	212	191	214
3	5	19	160	52	52	174	162	114	152	120	133	70	173	186	112	226	64	16	211	198	205
3	5	26	151	55	54	178	161	118	86	106	117	66	165	150	78	219	65	20	205	213	200
3	5	24	152	53	52	187	163	110	89	94	168	82	152	95	117	220	62	18	213	202	229
3	5	32	143	62	44	178	158	113	70	110	158	72	184	126	126	227	63	15	200	218	206
3	5	44	128	62	51	169	159	151	138	86	121	85	160	168	129	230	62	16	219	213	219
3	5	45	128	64	51	173	154	175	126	101	165	92	165	160	133	232	65	15	229	193	218
3	5	40	137	64	52	163	146	137	125	93	120	73	172	136	135	231	65	14	198	213	210
3	5	33	149	57	58	140	154	85	88	120	127	92	147	162	171	240	61	13	220	200	211
3	5	27	155	57	57	177	144	162	132	96	127	77	159	173	111	227	60	13	213	196	219
3	5	34	142	58	51	193	144	163	72	82	147	75	173	126	140	228	59	15	214	203	216
3	5	43	128	61	56	217	161	143	105	112	115	60	165	190	148	232	67	10	213	217	217
3	5	35	142	58	54	181	144	129	116	60	125	97	146	110	117	232	58	12	225	209	224
3	5	34	143	61	55	146	157	152	89	122	153	94	152	144	106	233	61	15	216	190	203
3	5	26	152	59	50	161	159	82	98	124	165	83	174	177	129	239	55	10	209	200	210
3	5	25	153	55	55	172	160	148	140	99	118	87	165	144	111	234	58	13	225	209	202
3	5	28	148	55	50	188	164	146	114	94	179	101	174	191	65	227	60	12	222	205	216
3	5	36	138	54	55	188	168	117	112	94	157	91	164	119	127	231	62	14	211	205	202
3	5	43	128	61	47	178	163	147	141	82	167	85	170	130	111	230	60	17	213	202	208
3	5	50	121	59	57	186	163	150	93	113	162	91	159	162	140	232	64	14	233	192	218
3	5	45	128	57	49	164	147	140	91	87	154	77	169	119	129	231	58	13	221	191	203
3	5	47	123	55	53	179	166	90	88	116	144	78	166	159	131	224	65	13	225	192	219
3	5	44	127	58	47	155	161	121	133	89	152	92	163	185	83	225	59	13	225	203	224
3	5	48	124	63	41	148	176	71	151	106	151	98	184	196	110	231	62	15	215	204	216
3	5	47	129	63	53	149	162	123	113	111	120	81	158	147	85	219	64	15	211	208	193
3	5	35	137	56	41	177	167	86	131	84	148	90	165	129	143	228	58	14	216	221	212
3	5	28	145	52	45	200	175	57	117	118	147	73	171	149	98	224	68	10	207	229	194
3	5	22	155	52	41	178	141	128	139	49	147	94	177	180	118	228	59	17	215	220	210
3	5	39	133	65	49	158	167	126	90	128	158	81	160	111	122	230	65	12	212	206	213
3	5	29	147	59	49	156	157	150	108	97	148	96	161	144	133	236	60	13	215	206	214
3	5	26	148	54	45	180	172	91	135	103	138	75	169	169	131	232	61	15	219	204	207
3	5	27	149	56	49	184	154	139	116	80	137	73	166	143	146	232	58	18	218	216	210
3	5	34	140	61	49	172	158	112	115	92	144	86	164	145	107	220	62	14	198	200	211
3	5	50	121	73	46	166	154	181	117	105	137	98	184	180	100	228	60	10	217	197	206
3	5	56	116	63	63	189	172	123	98	140	142	85	146	168	155	234	67	11	219	210	214
3	5	39	140	66	48	136	139	105	87	86	124	88	162	146	111	226	55	14	204	179	216
3	5	36	141	61	57	188	157	174	84	134	153	66	156	140	124	226	64	15	217	211	205
3	5	29	149	59	49	153	136	129	64	76	154	84	156	124	137	228	58	17	209	197	206
3	5	50	120	71	39	166	155	116	89	92	139	66	188	155	108	228	56	8	211	200	204
3	5	66	103	69	65	190	181	168	126	157	106	70	165	179	116	231	69	9	224	203	216
3	5	33	146	59	47	158	138	97	110	55	116	97	138	111	147	228	60	12	206	200	216
3	5	27	148	55	40	215	154	163	155	82	152	72	208	175	78	226	66	12	224	207	215
3	5	28	148	47	56	202	159	72	85	86	144	92	140	177	134	223	64	16	241	206	208
4	7	191	157	67	58	151	161	158	92	120	143	84	165	217	148	232	56	16	213	206	225
4	7	191	159	65	63	147	155	187	93	115	125	84	163	181	145	233	57	11	198	214	202
4	7	188	150	59	50	146	163	205	75	121	145	83	168	169	161	230	57	15	221	190	200
4	7	184	140	56	42	132	164	155	51	116	133	73	165	207	146	223	55	12	212	189	205
4	7	181	134	54	36	121	171	133	65	113	162	87	163	182	110	216	58	13	199	207	203
4	7	180	132	54	42	130	164	160	98	110	101	66	170	154	108	218	57	13	210	222	193
4	7	179	130	55	46	137	155	182	85	117	127	70	162	171	164	224	59	13	210	200	207
4	7	180	130	56	54	148	154	173	118	111	124	83	162	177	123	222	57	5	206	205	207
4	7	181	129	56	61	163	147	195	107	124	118	83	172	126	159	227	56	10	220	195	208
4	7	179	122	49	58	171	145	192	107	120	157	83	163	149	152	219	55	12	208	194	204
4	7	179	116	43	59	171	149	139	89	120	119	82	167	161	175	222	58	10	201	188	197
4	7	178	115	41	50	170	157	143	134	105	144	91	169	149	211	226	58	13	216	189	202
4	7	182	123	45	54	160	155	140	86	112	151	99	168	153	90	208	62	8	197	193	193
4	7	185	129	50	62	163	150	127	125	103	119	103	165	143	126	221	59	11	221	189	198
4	7	182	119	50	61	188	143	182	153	127	159	76	167	197	107	222	54	13	224	181	210
4	7	180	116	46	60	176	150	164	123	120	148	109	157	165	128	221	61	8	212	202	220
4	7	181	121	53	51	147	161	112	110	110	151	94	183	132	123	208	55	13	227	176	213
4	7	179	116	51	45	142	167	127	75	123	179	91	178	138	153	213	59	8	227	181	222
4	7	182	127	51	41	139	177	163	152	104	146	78	166	141	183	218	61	19	241	189	222
4	7	193	154	64	56	139	172	100	138	118	139	94	166	153	103	226	58	13	216	193	211
4	7	193	160	66	59	143	164	120	125	115	141	85	164	137	139	234	57	12	208	201	203
4	7	191	155	63	53	138	170	100	140	120	130	79	169	166	125	228	56	14	201	209	213
4	7	190	150	62	52	142	164	137	104	116	115	72	168	193	127	223	52	15	229	199	220
4	7	186	145	61	43	133	165	175	100	113	163	78	173	167	112	220	54	15	215	210	203
4	7	183	139	57	43	131	166	149	113	109	129	74	164	133	129	224	57	16	230	203	207
4	7	180	132	55	40	134	167	123	78	119	152	86	172	171	137	222	57	12	209	200	202
4	7	179	126	53	43	128	173	100	123	122	131	87	166	191	145	221	61	12	211	185	210
4	7	181	127	55	56	153	159	140	146	107	107	78	171	155	97	215	59	5	214	189	202
4	7	181	126	54	57	158	154	132	153	113	134	100	174	139	145	226	61	11	204	183	203
4	7	179	117	47	58	171	149	165	123	115	140	93	174	154	93	208	63	13	208	180	213
4	7	179	114	42	56	180	154	137	118	116	141	82	157	175	171	216	60	10	210	181	218
4	7	184	126	51	61	161	151	130	100	118	142	98	160	183	142	211	58	10	206	186	215
4	7	188	138	56	62	167	155	159	109	113	108	81	163	163	95	212	57	11	235	202	223
4	7	187	134	60	66	179	140	107	100	119	106	79	178	191	121	221	52	15	209	198	201
4	7	181	118	52	64	194	141	147	100	138	147	66	155	193	130	221	56	12	208	195	210
4	7	180	117	52	62	162	150	136	66	131	151	104	176	168	152	221	57	9	203	193	198
4	7	180	116	54	60	161	150	137	68	126	157	96	183	172	170	217	57	7	215	181	204
4	7	180	117	51	51	162	162	185	107	113	139	77	171	183	160	212	59	6	227	186	211
4	7	192	156	64	53	137	168	103	82	124	132	80	153	156	99	223	61	19	208	201	204
4	7	193	160	66	59	144	160	154	73	128	161	92	167	155	102	227	56	12	208	203	216
4	7	194	156	66	64	158	163	116	134	122	135	77	159	164	122	228	58	16	216	202	226
4	7	195	156	68	67	153	156	146	103	120	139	101	157	185	126	229	55	13	212	214	208
4	7	192	151	67	59	150	160	90	100	129	130	73	169	196	127	222	55	11	205	191	230
4	7	188	145	59	51	140	165	139	126	111	131	91	161	144	126	224	61	16	209	206	193
4	7	184	140	56	43	139	169	151	89	119	165	88	171	154	106	222	58	13	215	202	208
4	7	180	132	53	41	134	164	188	102	107	161	101	162	188	128	218	59	15	231	194	218
4	7	182	129	53	54	148	162	146	114	115	135	91	163	183	94	218	62	11	210	200	208
4	7	182	126	51	60	151	153	102	120	118	119	94	165	187	83	209	60	13	205	185	204
4	7	178	115	43	54	170	154	108	64	128	147	72	166	125	104	214	55	10	218	182	211
4	7	178	112	42	52	165	160	84	82	127	133	75	162	138	102	204	61	11	198	185	198
4	7	184	127	49	53	155	166	113	116	119	137	87	161	135	110	205	62	13	204	198	195
4	7	190	144	58	60	149	161	131	106	113	131	100	176	147	144	219	58	16	211	195	197
4	7	187	137	56	62	160	159	127	140	119	123	83	172	145	115	216	59	10	201	187	224
4	7	183	122	50	61	187	153	123	123	140	151	75	158	147	99	218	59	10	206	196	213
4	7	184	122	49	63	179	151	123	138	119	144	100	166	152	123	221	56	10	216	184	237
4	7	184	123	54	62	159	155	100	125	118	116	97	186	130	115	216	56	7	210	193	195
4	7	178	114	52	51	160	160	119	86	130	138	73	177	180	182	213	58	12	220	183	203
4	7	190	149	60	52	139	172	108	132	120	139	86	167	173	101	228	57	14	219	204	208
4	7	191	156	63	48	126	169	135	135	109	160	89	152	116	134	233	57	11	208	207	214
4	7	191	153	62	50	137	172	104	107	118	147	80	152	146	126	226	55	12	217	203	226
4	7	192	155	64	57	145	170	103	109	116	125	87	167	174	147	229	55	14	222	202	215
4	7	193	156	69	63	149	156	178	134	114	140	79	167	158	78	219	57	13	221	203	222
4	7	191	152	64	61	148	163	94	94	129	135	85	161	171	141	230	57	12	208	208	200
4	7	189	150	62	54	135	162	169	131	110	131	99	163	153	150	234	56	12	195	218	188
4	7	183	142	57	42	133	164	213	143	101	146	83	160	132	126	226	59	13	202	210	215
4	7	184	136	55	54	149	158	173	95	119	132	84	156	167	104	215	62	14	201	185	203
4	7	183	128	53	62	162	146	126	74	118	129	98	169	165	114	216	59	14	213	189	221
4	7	178	114	44	58	172	151	108	67	135	140	81	165	170	177	224	61	14	206	188	211
4	7	178	113	43	59	168	149	140	137	109	106	93	164	185	145	220	59	14	208	185	192
4	7	182	121	45	56	175	158	170	121	111	157	91	163	135	138	219	60	9	213	192	193
4	7	187	137	55	60	152	151	132	96	104	81	76	166	165	146	220	58	10	217	200	209
4	7	186	133	54	56	159	159	137	74	123	137	79	181	137	165	225	60	16	206	196	211
4	7	184	126	51	62	175	155	94	134	117	129	93	164	150	146	221	59	14	228	177	217
4	7	186	128	52	67	179	151	149	124	131	172	108	166	112	139	231	53	10	230	181	226
4	7	187	132	57	63	164	152	89	113	126	145	116	178	197	123	225	55	11	220	198	209
4	7	183	125	54	51	160	160	140	103	129	169	88	175	180	139	216	59	12	218	192	207
4	7	190	152	62	55	139	164	105	107	121	92	70	155	163	134	226	58	15	209	198	221
4	7	192	158	63	51	131	170	140	104	115	142	90	166	157	111	225	56	15	205	208	222
4	7	190	158	63	52	129	169	139	108	123	145	85	163	165	136	230	57	15	201	201	220
4	7	191	158	63	51	131	174	108	106	115	147	84	158	166	96	215	57	20	226	196	196
4	7	193	159	66	56	139	165	159	149	113	145	83	160	198	143	229	55	15	215	205	208
4	7	193	156	64	59	144	164	125	90	121	161	109	160	147	126	227	57	10	214	204	213
4	7	188	147	61	44	138	168	111	76	120	152	69	154	138	100	216	60	17	211	211	228
4	7	182	137	54	42	134	169	156	112	116	147	73	161	174	109	220	57	9	212	197	207
4	7	184	135	53	52	146	164	146	120	118	139	93	166	145	102	218	57	13	214	193	204
4	7	183	128	51	58	161	150	161	133	113	146	97	167	154	137	224	58	12	205	193	200
4	7	179	114	46	50	166	160	114	140	114	135	80	164	139	116	213	63	9	198	188	204
4	7	176	111	44	56	161	160	119	126	116	135	119	173	189	140	218	60	8	214	196	205
4	7	159	115	46	58	149	162	90	155	118	139	75	157	172	118	214	56	10	204	176	213
4	7	158	122	49	57	148	157	121	102	116	142	77	169	156	161	216	63	11	224	187	197
4	7	181	129	52	57	160	166	145	146	112	122	85	167	156	125	213	62	13	216	192	205
4	7	187	133	55	60	155	154	128	134	111	144	108	160	184	135	214	57	14	229	194	211
4	7	186	131	54	49	159	166	176	135	130	165	71	165	187	201	223	57	17	218	194	213
4	7	187	141	56	43	130	170	120	108	102	138	91	172	168	98	213	55	13	211	216	209
4	7	189	149	57	39	124	175	154	115	104	156	75	158	131	81	210	57	12	203	211	222
4	7	186	143	58	54	148	163	137	108	124	141	82	159	157	94	220	58	11	207	212	206
4	7	188	149	61	53	145	165	136	133	110	116	68	158	177	131	225	57	17	222	198	215
4	7	191	153	67	63	155	159	153	101	125	136	73	165	170	115	224	59	12	209	201	223
4	7	192	156	69	66	150	160	120	80	134	142	69	159	165	112	222	56	10	217	194	211
4	7	190	157	69	65	151	159	151	107	129	149	82	162	160	172	234	56	15	213	205	201
4	7	187	151	63	61	152	160	126	117	119	119	75	160	180	158	227	59	13	200	209	203
4	7	184	142	57	49	143	171	86	87	119	115	69	165	151	178	232	59	14	196	214	206
4	7	180	138	54	42	133	166	190	53	115	182	82	157	174	119	223	64	16	202	211	194
4	7	184	138	56	54	152	159	172	123	108	114	79	160	138	153	230	63	13	209	195	203
4	7	182	132	55	61	160	152	130	106	121	136	92	170	173	125	224	58	12	215	189	208
4	7	174	120	51	55	157	157	177	93	128	194	94	165	153	139	221	61	8	205	189	212
4	7	177	116	52	58	157	153	148	81	119	113	86	178	186	108	212	64	8	212	192	201
4	7	174	114	46	53	174	162	115	116	122	140	69	169	119	166	223	58	11	217	190	212
4	7	176	126	47	54	157	169	89	125	102	113	97	169	168	123	213	63	12	220	195	211
4	7	187	139	55	51	140	167	144	166	89	108	84	165	189	97	211	63	16	211	191	203
4	7	187	134	55	42	139	166	120	85	116	125	76	179	129	154	222	59	12	207	212	207
4	7	183	123	51	38	148	171	162	129	111	134	73	176	166	152	215	56	12	223	192	228
4	7	183	128	51	38	138	175	131	127	112	136	72	168	165	141	215	58	12	221	195	213
4	7	187	143	53	42	120	175	127	77	113	162	80	152	144	130	215	60	15	213	201	218
4	7	185	142	58	48	140	161	174	125	113	152	92	165	208	115	224	53	14	220	200	199
4	7	186	145	58	46	134	170	146	122	113	151	81	164	120	138	227	58	15	216	199	223
4	7	188	149	61	50	142	173	108	107	121	154	69	165	141	116	219	61	17	197	198	206
4	7	189	154	62	53	136	171	108	106	119	131	75	169	173	105	219	57	16	218	189	216
4	7	190	153	64	56	145	160	193	146	115	143	79	155	182	141	223	58	15	206	203	213
4	7	189	148	63	58	152	159	160	64	125	158	85	164	126	110	223	59	15	219	189	209
4	7	184	142	57	42	127	176	126	107	118	153	91	160	185	118	223	60	14	210	199	207
4	7	182	139	57	44	127	173	127	105	111	133	83	168	167	138	230	60	16	214	208	190
4	7	185	136	58	57	141	167	109	174	108	118	96	158	187	155	226	64	19	199	202	203
4	7	184	133	58	62	160	152	161	83	123	160	94	165	169	122	222	58	16	208	206	201
4	7	178	127	54	63	160	156	136	100	123	133	80	166	175	115	219	56	10	215	201	214
4	7	176	125	53	59	150	154	109	115	110	115	87	173	178	159	216	60	10	208	200	224
4	7	178	121	49	52	161	164	154	133	107	99	69	174	155	141	212	59	8	220	189	213
4	7	179	126	49	53	150	167	155	127	98	126	87	163	142	157	220	58	10	224	179	215
4	7	183	130	55	49	140	158	181	84	109	138	89	176	119	161	221	55	17	216	207	196
4	7	185	118	52	40	151	161	153	87	125	157	81	176	120	155	216	59	16	223	197	201
4	7	183	115	50	40	155	160	156	108	123	129	79	173	131	166	219	58	9	219	198	222
4	7	181	120	46	42	153	157	152	102	107	129	85	172	148	132	217	55	11	223	198	218
4	7	184	131	48	45	151	161	185	63	129	154	67	154	173	153	220	60	13	212	194	203
4	7	185	143	59	51	136	162	176	124	113	135	84	159	165	127	226	56	16	210	210	209
4	7	185	146	60	51	138	163	174	98	114	158	89	163	206	109	221	53	12	200	214	200
4	7	189	149	62	55	143	163	136	78	115	127	79	153	136	143	230	56	14	232	197	214
4	7	190	152	63	56	143	165	134	109	113	133	84	158	182	90	219	58	13	210	191	199
4	7	187	152	63	50	131	167	140	105	115	159	89	155	146	135	224	57	15	206	198	203
4	7	186	147	62	55	142	161	166	136	106	144	88	162	146	154	230	57	12	217	194	214
4	7	184	141	58	49	140	169	182	144	112	156	102	155	218	130	224	62	14	209	199	207
4	7	186	142	61	55	142	163	173	101	114	142	83	164	181	108	221	56	12	208	208	208
4	7	187	141	62	56	142	166	136	158	111	130	91	161	151	157	233	56	14	214	206	204
4	7	185	142	60	59	147	166	72	128	117	123	101	164	189	158	231	58	10	224	204	200
4	7	178	143	57	55	131	165	140	177	102	161	96	160	174	154	228	58	11	210	199	213
4	7	177	137	56	49	126	162	118	105	108	144	101	185	170	144	223	57	13	218	207	211
4	7	180	128	50	47	148	174	125	108	121	156	77	166	113	136	215	63	9	205	194	203
4	7	181	131	53	44	123	171	98	88	102	128	102	175	161	136	223	56	12	222	202	204
4	7	179	122	49	41	136	178	108	108	106	138	100	179	169	154	217	59	12	207	202	198
4	7	178	116	48	40	135	168	137	110	103	141	100	170	222	130	209	61	9	208	204	206
4	7	182	112	47	38	154	164	161	150	106	121	84	177	195	112	210	62	10	212	201	188
4	7	181	113	42	43	156	160	126	100	125	122	81	178	162	156	215	60	15	222	197	209
4	7	180	121	42	40	152	169	95	104	127	150	74	166	155	137	213	59	11	203	197	206
4	7	185	143	59	47	131	166	116	90	122	128	85	167	192	124	220	61	12	203	206	228
4	7	186	146	58	45	123	179	59	131	99	131	91	153	175	130	218	58	15	209	207	230
4	7	189	148	63	54	147	166	166	164	106	133	79	160	170	141	219	59	14	206	201	215
4	7	191	149	63	59	146	168	134	115	120	152	83	158	142	162	227	60	12	192	209	199
4	7	190	150	65	61	148	162	159	145	115	151	97	166	221	108	225	55	9	206	197	208
4	7	187	143	64	55	152	160	131	91	126	146	65	164	153	134	225	57	15	212	196	206
4	7	188	141	63	60	157	162	133	110	116	116	70	154	171	142	222	61	11	218	191	218
4	7	190	143	66	62	156	159	160	122	120	124	72	166	161	144	226	58	12	215	195	222
4	7	190	148	65	61	159	163	157	152	116	146	76	157	188	141	227	55	13	217	196	212
4	7	187	156	66	65	149	156	189	119	117	120	90	164	188	110	224	60	12	218	207	205
4	7	177	153	61	51	136	158	172	69	113	164	87	159	255	131	217	61	13	206	206	207
4	7	179	141	58	54	134	162	116	83	110	104	80	187	142	135	224	58	11	207	217	192
4	7	179	126	53	51	149	165	155	108	116	139	79	172	174	174	223	58	11	211	196	197
4	7	180	122	56	45	140	167	162	96	109	144	91	179	177	142	218	57	2	206	197	202
4	7	181	122	55	48	145	165	157	70	108	156	106	172	161	154	215	60	5	201	195	200
4	7	178	120	53	48	136	168	100	87	114	126	101	177	201	128	212	63	9	207	185	227
4	7	177	116	45	46	157	167	132	90	116	121	81	176	196	136	217	63	11	207	199	202
4	7	179	116	43	44	162	158	121	76	118	144	90	182	178	117	217	57	12	220	204	219
4	7	181	119	41	45	167	164	155	135	119	134	79	166	189	129	216	55	7	225	187	215
4	7	182	146	60	48	129	172	85	86	123	154	96	162	161	145	223	60	19	217	194	199
4	7	184	148	61	52	134	169	85	41	132	106	61	170	135	152	223	57	17	222	199	214
4	7	187	148	63	56	146	167	133	141	115	149	83	167	148	145	232	55	11	212	196	197
4	7	188	148	62	54	143	170	170	158	109	155	99	158	191	143	224	56	14	217	201	197
4	7	188	150	65	55	138	166	103	83	124	164	91	167	162	166	233	56	14	203	219	219
4	7	187	144	63	57	151	165	165	141	120	166	92	166	169	86	223	62	13	216	203	217
4	7	188	144	65	63	156	158	192	95	123	148	73	162	136	120	223	59	14	214	200	213
4	7	190	146	65	57	149	168	134	118	128	155	80	159	171	128	222	58	12	199	199	197
4	7	191	149	64	58	148	168	131	147	122	140	77	156	165	116	224	58	15	209	192	209
4	7	192	157	64	55	144	176	133	140	111	166	97	156	152	132	223	60	12	207	203	205
4	7	190	161	62	44	119	182	86	114	99	147	91	156	172	129	221	57	17	220	197	202
4	7	186	146	60	45	132	163	149	89	107	107	67	175	188	114	213	55	14	206	208	210
4	7	179	122	51	44	151	168	159	106	115	142	70	170	162	155	211	60	13	219	175	211
4	7	178	116	52	40	126	181	114	127	105	133	95	180	159	120	205	60	9	223	179	207
4	7	180	118	53	44	142	175	140	82	110	131	90	171	188	154	208	61	12	228	176	195
4	7	180	120	51	47	148	166	95	68	111	124	85	176	170	162	213	57	14	218	186	205
4	7	178	113	46	43	151	165	162	124	113	147	81	176	175	122	205	61	17	215	182	198
4	7	179	111	44	46	162	159	154	79	123	169	90	176	164	92	202	63	13	211	198	194
4	7	179	115	44	47	164	157	148	111	119	152	87	171	178	121	207	61	16	211	189	177
5	9	132	145	21	115	154	176	122	141	104	156	97	180	140	127	232	62	12	215	176	224
5	9	129	149	17	120	157	178	123	139	103	145	85	176	171	107	225	61	16	221	175	206
5	9	126	153	10	124	170	180	89	115	106	128	58	177	158	104	224	58	19	224	193	214
5	9	125	157	7	131	177	174	112	128	114	134	65	178	171	113	228	57	16	209	185	220
5	9	117	162	4	133	175	177	81	148	114	146	88	180	167	113	233	57	18	206	189	223
5	9	112	163	8	127	180	171	111	135	131	156	62	177	161	103	227	58	15	200	193	207
5	9	122	162	5	137	178	175	140	135	116	167	81	174	134	72	228	57	20	215	194	219
5	9	125	161	5	130	174	171	109	153	107	123	78	181	159	93	230	58	16	205	180	213
5	9	126	160	6	126	177	170	143	129	118	149	77	178	187	125	235	59	16	205	195	209
5	9	125	163	8	127	164	172	115	97	123	158	85	184	159	82	231	59	14	208	183	233
5	9	123	165	9	133	184	170	138	110	121	154	77	180	151	102	238	58	11	210	193	217
5	9	122	165	9	137	179	168	171	111	127	146	67	173	183	99	233	57	15	214	171	223
5	9	122	163	10	136	182	170	137	82	128	186	93	178	194	120	237	58	16	204	168	218
5	9	123	162	10	132	181	167	141	75	121	147	83	171	170	85	236	60	14	219	179	215
5	9	123	161	9	133	180	167	141	79	129	139	68	182	185	86	238	56	15	208	186	207
5	9	132	135	23	119	160	152	142	75	128	138	85	172	180	75	223	61	11	211	194	232
5	9	128	138	24	113	159	163	148	151	111	136	75	175	176	136	233	60	13	206	193	220
5	9	126	143	22	121	153	168	152	142	106	129	79	176	127	101	233	63	15	216	179	215
5	9	125	147	17	129	173	165	143	71	118	175	92	170	180	125	234	60	15	212	175	203
5	9	125	152	13	134	177	163	136	105	117	146	82	172	167	138	233	55	19	215	196	211
5	9	124	154	11	132	178	166	105	85	127	151	52	176	126	55	224	58	15	197	201	210
5	9	121	154	10	131	174	166	109	127	118	139	79	177	188	154	242	57	16	206	196	201
5	9	122	154	11	128	168	162	142	99	117	141	79	177	161	130	236	63	14	190	191	204
5	9	125	153	12	121	165	164	143	126	113	144	75	174	143	119	225	64	19	198	184	207
5	9	127	155	12	116	160	171	118	95	119	157	78	173	168	123	233	57	16	221	193	213
5	9	126	160	11	123	160	173	116	150	112	121	71	176	142	123	237	57	14	206	190	209
5	9	123	161	14	125	159	170	144	131	121	162	80	176	137	127	237	57	16	197	182	222
5	9	124	157	14	122	150	177	123	143	120	141	88	175	146	119	234	61	16	196	184	223
5	9	126	154	13	122	163	175	117	124	119	157	77	179	144	116	232	60	21	216	176	221
5	9	125	154	10	123	161	174	118	121	119	142	68	172	128	96	229	58	19	214	185	213
5	9	133	119	23	100	152	154	85	121	134	126	70	172	148	110	224	62	16	198	197	196
5	9	131	124	24	101	147	159	58	90	137	127	68	176	147	107	223	62	16	201	204	200
5	9	128	128	22	110	143	158	122	120	137	140	78	170	146	98	222	64	12	213	184	218
5	9	125	131	17	112	150	163	94	106	118	119	76	175	168	125	225	61	19	225	187	231
5	9	122	133	13	111	153	168	124	162	108	169	89	170	156	137	229	60	18	214	181	208
5	9	122	134	15	117	160	158	146	122	118	167	85	176	140	108	226	63	18	209	190	199
5	9	123	134	15	117	157	156	112	124	128	164	89	164	187	114	227	60	11	209	197	216
5	9	122	136	14	120	164	154	176	131	131	160	74	176	191	115	227	59	16	218	188	219
5	9	119	142	13	121	154	158	118	93	133	134	70	170	193	111	230	62	15	214	186	209
5	9	120	146	12	121	158	157	145	121	119	146	86	170	176	141	237	60	16	220	193	214
5	9	124	149	10	124	167	158	138	127	113	152	91	168	163	95	230	61	9	201	195	208
5	9	124	151	13	125	164	151	169	111	131	135	71	176	187	112	231	58	13	203	185	204
5	9	123	148	12	121	160	160	145	101	129	158	79	174	177	116	230	62	21	214	170	212
5	9	122	145	12	122	162	164	114	148	121	141	89	169	201	135	237	58	13	203	184	193
5	9	121	144	10	125	164	165	118	119	121	131	75	168	158	113	233	61	14	209	189	195
5	9	131	126	23	107	158	155	119	70	141	137	69	178	162	124	228	62	16	204	203	204
5	9	130	130	27	107	146	153	113	102	137	151	82	176	156	95	220	61	16	194	203	209
5	9	129	130	24	114	150	154	116	101	145	133	77	179	204	143	231	61	19	200	199	198
5	9	129	129	18	111	157	157	115	125	131	158	92	172	156	123	230	60	13	209	194	201
5	9	129	129	12	112	154	156	149	146	119	139	83	172	163	111	228	58	18	215	188	226
5	9	126	131	14	110	154	162	121	148	127	134	61	177	135	97	227	60	14	216	190	210
5	9	125	132	16	111	152	161	119	118	120	166	77	179	124	138	230	59	18	205	197	201
5	9	126	131	13	113	154	158	148	123	124	179	90	163	138	125	224	58	22	229	184	229
5	9	126	132	9	113	154	166	91	169	123	131	82	171	156	92	225	57	12	213	194	215
5	9	124	133	9	116	164	158	181	176	121	132	73	175	204	94	228	60	21	223	196	227
5	9	121	136	10	117	159	157	115	126	139	151	76	166	221	121	228	60	19	219	186	214
5	9	121	138	8	116	146	164	92	138	129	132	80	176	155	72	221	63	17	201	186	211
5	9	121	137	10	118	161	155	143	129	130	155	74	170	145	88	222	60	14	213	190	205
5	9	121	135	9	117	151	162	90	141	126	136	78	175	183	121	232	56	15	212	198	210
5	9	122	134	10	118	161	161	150	175	123	154	90	169	198	126	236	55	9	213	200	220
5	9	129	123	22	103	153	161	95	107	121	133	83	174	172	127	224	64	14	199	208	203
5	9	128	123	23	108	151	156	153	123	137	158	85	179	143	145	231	59	16	202	193	204
5	9	127	124	23	105	156	154	116	124	127	148	75	173	143	160	238	61	19	225	196	225
5	9	129	125	20	107	157	157	118	122	131	154	88	174	164	130	238	61	11	205	204	207
5	9	131	126	16	111	161	155	84	144	121	87	65	174	143	115	230	56	11	197	200	210
5	9	128	125	18	109	166	155	85	93	133	127	75	176	186	132	227	57	16	207	192	206
5	9	125	126	19	116	168	152	145	102	128	143	63	162	147	119	229	63	12	212	188	220
5	9	124	129	17	114	159	160	122	137	113	132	86	175	194	148	236	60	14	217	188	230
5	9	126	130	18	116	176	150	173	128	117	133	83	173	170	117	230	62	14	215	197	206
5	9	126	131	16	114	164	154	111	127	125	133	73	168	162	138	238	54	13	206	196	203
5	9	127	132	17	112	169	160	118	119	126	136	92	178	176	141	235	61	17	206	194	210
5	9	127	133	14	116	166	158	150	123	129	146	84	169	182	132	232	59	12	211	186	208
5	9	124	134	12	117	160	159	149	120	126	162	85	172	140	103	232	60	15	213	195	210
5	9	123	135	14	118	164	156	115	68	131	153	77	171	159	105	230	61	20	224	188	212
5	9	122	134	11	121	167	159	117	119	131	135	89	176	182	142	238	60	15	206	202	187
5	9	128	121	18	104	153	158	90	143	130	137	83	175	180	79	221	61	14	206	203	220
5	9	128	122	20	102	145	159	90	140	128	157	103	177	166	117	231	63	14	205	192	215
5	9	126	124	20	100	138	161	93	163	120	144	86	177	137	85	223	62	14	213	189	213
5	9	125	124	22	98	136	162	31	108	133	146	81	175	165	111	227	62	18	214	182	203
5	9	127	125	18	103	138	163	63	159	122	135	96	173	177	107	228	64	17	211	192	217
5	9	127	125	16	105	145	162	92	140	128	163	91	177	130	148	237	59	12	209	180	219
5	9	125	125	17	103	150	162	92	137	118	152	86	174	159	83	223	62	11	208	195	216
5	9	125	126	19	108	146	163	92	135	123	157	101	179	173	97	229	62	8	200	195	207
5	9	123	128	19	105	142	168	68	127	121	124	80	178	163	91	222	62	12	203	187	213
5	9	125	128	18	107	145	165	93	135	116	151	84	171	131	102	224	63	14	214	189	218
5	9	128	127	15	111	159	159	120	117	126	157	91	170	165	82	224	66	18	190	203	207
5	9	128	129	11	112	160	162	119	117	128	171	95	170	139	91	227	61	18	217	188	218
5	9	127	131	12	113	156	165	58	111	127	137	80	179	169	132	231	57	18	210	196	211
5	9	125	132	12	116	160	161	88	89	131	143	78	171	144	107	225	62	15	186	192	202
5	9	124	133	10	117	164	164	124	115	129	136	83	174	170	89	224	62	18	210	195	205
5	9	131	122	16	107	161	149	83	99	140	128	74	170	161	154	237	56	17	220	198	218
5	9	130	124	18	106	159	146	111	130	129	133	76	173	158	159	242	54	17	216	213	207
5	9	130	126	18	108	151	150	146	130	134	175	99	172	150	127	232	62	19	215	207	222
5	9	129	126	19	105	151	152	113	155	131	147	79	180	119	123	231	59	17	209	200	214
5	9	129	125	19	107	154	148	81	75	149	162	89	166	176	129	229	60	17	200	186	205
5	9	129	125	17	107	155	146	113	129	132	130	74	170	139	124	232	59	16	199	199	222
5	9	127	124	19	106	157	144	143	131	135	146	83	173	160	129	234	61	15	199	195	213
5	9	124	125	21	108	157	152	114	128	132	147	75	174	141	158	239	57	17	221	184	210
5	9	119	129	22	106	137	162	96	162	120	126	79	173	136	126	235	61	13	212	187	211
5	9	119	132	22	111	138	158	125	118	135	156	80	176	151	130	233	59	14	221	187	219
5	9	122	132	16	111	145	164	126	168	125	149	79	177	112	119	238	60	15	212	194	206
5	9	127	132	11	119	164	156	119	96	137	115	65	171	135	143	235	58	14	216	182	212
5	9	128	132	8	116	168	159	182	120	121	165	86	169	111	81	224	62	14	204	193	213
5	9	128	132	8	116	162	167	95	60	140	161	81	173	146	99	225	58	16	216	194	217
5	9	124	134	7	118	156	168	126	140	121	169	95	173	173	138	238	62	20	212	195	199
5	9	130	121	11	104	154	160	93	166	126	127	84	174	158	127	229	60	16	207	200	216
5	9	130	120	14	103	162	150	147	153	127	164	85	173	173	144	231	59	18	200	211	201
5	9	130	120	15	104	155	152	115	125	136	177	90	167	148	125	231	59	15	210	197	224
5	9	130	121	15	104	151	154	87	125	144	159	81	178	153	123	227	58	18	201	208	221
5	9	129	123	17	107	165	151	111	136	141	153	76	172	141	130	226	59	20	218	199	223
5	9	125	125	17	108	156	148	146	155	128	134	73	157	195	102	221	61	19	223	201	237
5	9	125	125	19	110	153	148	147	133	139	143	61	176	158	98	227	60	14	210	191	227
5	9	125	124	21	107	152	149	148	152	131	139	87	178	167	104	232	62	13	203	203	218
5	9	123	126	22	107	150	153	118	122	131	157	86	171	171	100	227	62	14	209	198	224
5	9	122	127	22	106	151	155	155	143	126	125	70	176	155	125	233	62	12	205	193	208
5	9	126	128	18	113	160	162	126	88	136	138	80	178	118	130	237	60	13	216	186	221
5	9	127	131	16	113	167	162	152	117	123	155	93	175	161	102	230	62	12	196	194	189
5	9	130	133	12	114	165	165	91	111	118	119	82	165	182	149	229	59	15	201	186	200
5	9	132	133	11	117	175	162	152	119	120	124	86	171	171	114	225	62	16	209	172	209
5	9	129	133	10	116	175	159	181	148	114	135	80	168	179	81	215	62	19	213	179	196
5	9	127	126	9	110	161	157	119	117	126	161	84	169	176	80	222	61	16	206	199	217
5	9	129	124	10	108	161	159	91	116	134	139	77	176	155	98	227	60	16	213	197	213
5	9	131	123	12	110	167	151	148	123	131	145	82	171	163	134	231	57	14	195	201	202
5	9	132	123	12	110	169	152	116	73	143	153	74	166	139	128	230	60	17	195	195	198
5	9	132	125	13	109	172	153	146	129	133	148	84	174	159	123	232	60	19	212	193	217
5	9	131	126	13	107	168	153	114	128	137	143	87	174	179	135	225	63	25	213	179	221
5	9	130	127	13	106	160	156	116	180	127	126	76	172	145	131	229	59	22	213	193	219
5	9	131	127	15	107	162	154	79	130	139	160	92	175	152	142	235	56	17	215	194	221
5	9	129	127	15	106	161	149	111	109	142	156	73	163	141	120	234	61	14	200	198	205
5	9	127	127	14	106	157	160	120	176	133	140	82	175	154	85	225	65	17	192	194	213
5	9	126	128	14	106	155	161	90	93	143	180	87	174	150	87	217	63	15	192	194	226
5	9	126	129	14	107	162	164	124	92	132	181	84	179	123	125	230	60	20	217	190	216
5	9	127	131	14	107	159	167	126	141	122	166	91	180	148	151	235	60	16	211	180	203
5	9	129	133	13	114	167	164	154	175	120	115	63	174	151	176	236	56	16	211	192	211
5	9	128	135	12	113	166	166	121	117	126	158	92	171	184	110	227	64	14	209	195	207
5	9	125	134	11	110	155	168	94	161	120	145	94	177	199	118	232	60	13	208	195	212
5	9	129	130	11	110	163	160	120	96	135	167	83	166	165	102	221	59	13	210	196	219
5	9	128	128	10	112	160	159	120	146	130	138	84	176	147	134	230	58	14	198	200	208
5	9	128	125	11	109	162	159	88	117	132	160	83	171	204	123	231	59	16	211	200	212
5	9	130	124	13	111	167	154	118	92	134	144	89	177	186	62	222	62	11	203	209	213
5	9	131	126	12	110	168	155	114	101	140	182	96	159	178	156	233	62	20	210	198	202
5	9	131	130	14	111	166	149	140	112	144	171	91	176	149	110	232	60	17	209	189	207
5	9	129	131	16	111	168	149	139	138	136	154	90	171	194	115	227	58	18	213	200	217
5	9	127	131	17	109	160	151	112	133	139	149	85	169	178	114	229	58	18	216	196	214
5	9	127	129	19	109	166	146	172	141	140	145	74	170	159	67	225	64	18	208	192	209
5	9	127	129	21	109	160	149	144	134	138	150	86	169	178	119	230	63	17	205	192	206
5	9	125	133	22	112	158	154	181	127	129	154	82	184	159	99	232	63	10	203	197	213
5	9	124	135	19	109	152	164	157	116	125	177	88	175	144	121	237	63	17	227	178	232
5	9	126	136	16	114	159	162	156	90	125	154	74	171	168	131	237	60	19	221	180	204
5	9	126	136	13	115	164	163	151	121	127	178	97	173	183	107	231	61	14	208	195	209
